10.0,1882.0
10.01,1829.0
10.02,1760.0
10.03,1838.0
10.04,1895.0
10.05,1939.0
10.06,1941.0
10.07,1944.0
10.08,1905.0
10.09,1893.0
10.1,1838.0
10.11,1891.0
10.12,1832.0
10.13,1840.0
10.14,1821.0
10.15,1880.0
10.16,1929.0
10.17,1855.0
10.18,1807.0
10.19,1870.0
10.2,1961.0
10.21,1938.0
10.22,1865.0
10.23,1893.0
10.24,1922.0
10.25,1936.0
10.26,1898.0
10.27,1903.0
10.28,1939.0
10.29,1917.0
10.3,1846.0
10.31,1864.0
10.32,1863.0
10.33,1856.0
10.34,1935.0
10.35,1881.0
10.36,1895.0
10.37,1926.0
10.38,1920.0
10.39,1901.0
10.4,1872.0
10.41,1920.0
10.42,1926.0
10.43,1947.0
10.44,1955.0
10.45,1961.0
10.46,1950.0
10.47,1985.0
10.48,1948.0
10.49,1937.0
10.5,1946.0
10.51,1909.0
10.52,1832.0
10.53,1864.0
10.54,1907.0
10.55,1917.0
10.56,1918.0
10.57,1877.0
10.58,1869.0
10.59,1873.0
10.6,1948.0
10.61,1972.0
10.62,1959.0
10.63,1893.0
10.64,1930.0
10.65,1946.0
10.66,1873.0
10.67,1884.0
10.68,1943.0
10.69,1930.0
10.7,1989.0
10.71,1922.0
10.72,1907.0
10.73,1884.0
10.74,1960.0
10.75,1981.0
10.76,1971.0
10.77,1954.0
10.78,1939.0
10.79,1913.0
10.8,1913.0
10.81,1959.0
10.82,2017.0
10.83,1970.0
10.84,1956.0
10.85,1961.0
10.86,1995.0
10.87,2024.0
10.88,2008.0
10.89,1968.0
10.9,1920.0
10.91,1905.0
10.92,1956.0
10.93,1943.0
10.94,1935.0
10.95,1885.0
10.96,1956.0
10.97,1982.0
10.98,1989.0
10.99,1967.0
11.0,2016.0
11.01,1972.0
11.02,1941.0
11.03,1956.0
11.04,1955.0
11.05,1986.0
11.06,2022.0
11.07,2018.0
11.08,1950.0
11.09,1969.0
11.1,1949.0
11.11,1953.0
11.12,2001.0
11.13,1985.0
11.14,1989.0
11.15,1962.0
11.16,1969.0
11.17,1975.0
11.18,1941.0
11.19,1957.0
11.2,2030.0
11.21,1994.0
11.22,2004.0
11.23,2048.0
11.24,1994.0
11.25,1967.0
11.26,2001.0
11.27,2002.0
11.28,2031.0
11.29,2009.0
11.3,2004.0
11.31,2002.0
11.32,1980.0
11.33,1941.0
11.34,1981.0
11.35,1996.0
11.36,2042.0
11.37,2034.0
11.38,1958.0
11.39,1941.0
11.4,1997.0
11.41,2053.0
11.42,2008.0
11.43,2031.0
11.44,2028.0
11.45,2006.0
11.46,1992.0
11.47,1963.0
11.48,2016.0
11.49,2077.0
11.5,2024.0
11.51,1945.0
11.52,1946.0
11.53,2007.0
11.54,2028.0
11.55,2001.0
11.56,2018.0
11.57,2058.0
11.58,2075.0
11.59,2047.0
11.6,1979.0
11.61,2050.0
11.62,1976.0
11.63,2073.0
11.64,2045.0
11.65,2033.0
11.66,2055.0
11.67,2039.0
11.68,1955.0
11.69,1995.0
11.7,2074.0
11.71,2085.0
11.72,2037.0
11.73,2051.0
11.74,2086.0
11.75,2055.0
11.76,2073.0
11.77,2019.0
11.78,2037.0
11.79,2006.0
11.8,1983.0
11.81,1973.0
11.82,2047.0
11.83,2075.0
11.84,2097.0
11.85,2007.0
11.86,2030.0
11.87,2090.0
11.88,2063.0
11.89,2048.0
11.9,2000.0
11.91,2060.0
11.92,2074.0
11.93,2069.0
11.94,2088.0
11.95,2065.0
11.96,2068.0
11.97,2043.0
11.98,2022.0
11.99,2026.0
12.0,2037.0
12.01,1989.0
12.02,2067.0
12.03,2053.0
12.04,2087.0
12.05,2058.0
12.06,2052.0
12.07,2062.0
12.08,2072.0
12.09,2047.0
12.1,2095.0
12.11,2139.0
12.12,2115.0
12.13,2088.0
12.14,2038.0
12.15,2079.0
12.16,2108.0
12.17,2109.0
12.18,2093.0
12.19,2091.0
12.2,2090.0
12.21,2150.0
12.22,2132.0
12.23,2081.0
12.24,2087.0
12.25,2054.0
12.26,2099.0
12.27,2085.0
12.28,2098.0
12.29,2113.0
12.3,2134.0
12.31,2136.0
12.32,2119.0
12.33,2060.0
12.34,2040.0
12.35,2092.0
12.36,2112.0
12.37,2141.0
12.38,2130.0
12.39,2102.0
12.4,2039.0
12.41,2052.0
12.42,2055.0
12.43,2079.0
12.44,2064.0
12.45,2119.0
12.46,2135.0
12.47,2128.0
12.48,2138.0
12.49,2099.0
12.5,2059.0
12.51,2125.0
12.52,2122.0
12.53,2122.0
12.54,2094.0
12.55,2067.0
12.56,2070.0
12.57,2090.0
12.58,2117.0
12.59,2143.0
12.6,2110.0
12.61,2062.0
12.62,2067.0
12.63,2124.0
12.64,2107.0
12.65,2085.0
12.66,2128.0
12.67,2092.0
12.68,2106.0
12.69,2087.0
12.7,2129.0
12.71,2098.0
12.72,2114.0
12.73,2129.0
12.74,2085.0
12.75,2112.0
12.76,2115.0
12.77,2112.0
12.78,2075.0
12.79,2105.0
12.8,2089.0
12.81,2082.0
12.82,2086.0
12.83,2141.0
12.84,2154.0
12.85,2132.0
12.86,2136.0
12.87,2127.0
12.88,2116.0
12.89,2133.0
12.9,2190.0
12.91,2193.0
12.92,2080.0
12.93,2107.0
12.94,2103.0
12.95,2077.0
12.96,2120.0
12.97,2136.0
12.98,2127.0
12.99,2110.0
13.0,2122.0
13.01,2069.0
13.02,2125.0
13.03,2160.0
13.04,2189.0
13.05,2122.0
13.06,2068.0
13.07,2057.0
13.08,2110.0
13.09,2138.0
13.1,2121.0
13.11,2105.0
13.12,2163.0
13.13,2145.0
13.14,2160.0
13.15,2142.0
13.16,2123.0
13.17,2142.0
13.18,2159.0
13.19,2134.0
13.2,2112.0
13.21,2130.0
13.22,2155.0
13.23,2191.0
13.24,2241.0
13.25,2167.0
13.26,2164.0
13.27,2175.0
13.28,2170.0
13.29,2143.0
13.3,2107.0
13.31,2144.0
13.32,2135.0
13.33,2169.0
13.34,2159.0
13.35,2121.0
13.36,2131.0
13.37,2181.0
13.38,2185.0
13.39,2145.0
13.4,2078.0
13.41,2113.0
13.42,2167.0
13.43,2172.0
13.44,2135.0
13.45,2184.0
13.46,2205.0
13.47,2232.0
13.48,2209.0
13.49,2166.0
13.5,2175.0
13.51,2164.0
13.52,2216.0
13.53,2216.0
13.54,2221.0
13.55,2184.0
13.56,2151.0
13.57,2141.0
13.58,2139.0
13.59,2141.0
13.6,2173.0
13.61,2214.0
13.62,2214.0
13.63,2143.0
13.64,2126.0
13.65,2169.0
13.66,2156.0
13.67,2185.0
13.68,2222.0
13.69,2154.0
13.7,2136.0
13.71,2152.0
13.72,2149.0
13.73,2143.0
13.74,2163.0
13.75,2130.0
13.76,2134.0
13.77,2151.0
13.78,2158.0
13.79,2157.0
13.8,2199.0
13.81,2224.0
13.82,2233.0
13.83,2230.0
13.84,2210.0
13.85,2190.0
13.86,2236.0
13.87,2211.0
13.88,2195.0
13.89,2200.0
13.9,2265.0
13.91,2256.0
13.92,2231.0
13.93,2213.0
13.94,2144.0
13.95,2168.0
13.96,2234.0
13.97,2229.0
13.98,2186.0
13.99,2253.0
14.0,2243.0
14.01,2238.0
14.02,2252.0
14.03,2238.0
14.04,2193.0
14.05,2174.0
14.06,2166.0
14.07,2183.0
14.08,2236.0
14.09,2195.0
14.1,2170.0
14.11,2166.0
14.12,2165.0
14.13,2185.0
14.14,2195.0
14.15,2220.0
14.16,2200.0
14.17,2257.0
14.18,2262.0
14.19,2251.0
14.2,2236.0
14.21,2225.0
14.22,2179.0
14.23,2181.0
14.24,2197.0
14.25,2191.0
14.26,2170.0
14.27,2179.0
14.28,2158.0
14.29,2251.0
14.3,2240.0
14.31,2186.0
14.32,2172.0
14.33,2181.0
14.34,2209.0
14.35,2195.0
14.36,2198.0
14.37,2171.0
14.38,2213.0
14.39,2211.0
14.4,2188.0
14.41,2176.0
14.42,2174.0
14.43,2198.0
14.44,2220.0
14.45,2228.0
14.46,2255.0
14.47,2268.0
14.48,2268.0
14.49,2225.0
14.5,2199.0
14.51,2227.0
14.52,2235.0
14.53,2240.0
14.54,2253.0
14.55,2231.0
14.56,2257.0
14.57,2218.0
14.58,2152.0
14.59,2192.0
14.6,2185.0
14.61,2185.0
14.62,2192.0
14.63,2202.0
14.64,2204.0
14.65,2226.0
14.66,2256.0
14.67,2232.0
14.68,2198.0
14.69,2208.0
14.7,2186.0
14.71,2163.0
14.72,2180.0
14.73,2129.0
14.74,2131.0
14.75,2200.0
14.76,2206.0
14.77,2191.0
14.78,2152.0
14.79,2190.0
14.8,2167.0
14.81,2163.0
14.82,2211.0
14.83,2256.0
14.84,2235.0
14.85,2195.0
14.86,2201.0
14.87,2165.0
14.88,2164.0
14.89,2188.0
14.9,2196.0
14.91,2197.0
14.92,2183.0
14.93,2117.0
14.94,2127.0
14.95,2154.0
14.96,2160.0
14.97,2157.0
14.98,2170.0
14.99,2161.0
15.0,2179.0
15.01,2194.0
15.02,2223.0
15.03,2216.0
15.04,2170.0
15.05,2169.0
15.06,2203.0
15.07,2217.0
15.08,2182.0
15.09,2221.0
15.1,2248.0
15.11,2184.0
15.12,2162.0
15.13,2175.0
15.14,2182.0
15.15,2186.0
15.16,2196.0
15.17,2225.0
15.18,2207.0
15.19,2139.0
15.2,2125.0
15.21,2144.0
15.22,2163.0
15.23,2189.0
15.24,2186.0
15.25,2156.0
15.26,2145.0
15.27,2183.0
15.28,2147.0
15.29,2131.0
15.3,2176.0
15.31,2167.0
15.32,2186.0
15.33,2225.0
15.34,2198.0
15.35,2200.0
15.36,2214.0
15.37,2185.0
15.38,2216.0
15.39,2195.0
15.4,2171.0
15.41,2207.0
15.42,2220.0
15.43,2202.0
15.44,2155.0
15.45,2127.0
15.46,2112.0
15.47,2163.0
15.48,2177.0
15.49,2178.0
15.5,2163.0
15.51,2160.0
15.52,2168.0
15.53,2172.0
15.54,2193.0
15.55,2183.0
15.56,2134.0
15.57,2127.0
15.58,2191.0
15.59,2173.0
15.6,2154.0
15.61,2143.0
15.62,2174.0
15.63,2188.0
15.64,2207.0
15.65,2196.0
15.66,2179.0
15.67,2136.0
15.68,2144.0
15.69,2171.0
15.7,2188.0
15.71,2202.0
15.72,2216.0
15.73,2206.0
15.74,2205.0
15.75,2218.0
15.76,2201.0
15.77,2192.0
15.78,2193.0
15.79,2146.0
15.8,2179.0
15.81,2200.0
15.82,2158.0
15.83,2170.0
15.84,2188.0
15.85,2172.0
15.86,2136.0
15.87,2120.0
15.88,2139.0
15.89,2183.0
15.9,2155.0
15.91,2126.0
15.92,2130.0
15.93,2142.0
15.94,2169.0
15.95,2162.0
15.96,2115.0
15.97,2109.0
15.98,2160.0
15.99,2155.0
16.0,2139.0
16.01,2143.0
16.02,2117.0
16.03,2143.0
16.04,2167.0
16.05,2154.0
16.06,2170.0
16.07,2190.0
16.08,2213.0
16.09,2210.0
16.1,2181.0
16.11,2182.0
16.12,2164.0
16.13,2124.0
16.14,2124.0
16.15,2172.0
16.16,2212.0
16.17,2189.0
16.18,2142.0
16.19,2128.0
16.2,2169.0
16.21,2204.0
16.22,2172.0
16.23,2150.0
16.24,2149.0
16.25,2167.0
16.26,2185.0
16.27,2165.0
16.28,2155.0
16.29,2174.0
16.3,2147.0
16.31,2084.0
16.32,2099.0
16.33,2170.0
16.34,2204.0
16.35,2201.0
16.36,2180.0
16.37,2156.0
16.38,2134.0
16.39,2113.0
16.4,2121.0
16.41,2107.0
16.42,2130.0
16.43,2110.0
16.44,2091.0
16.45,2107.0
16.46,2115.0
16.47,2145.0
16.48,2108.0
16.49,2089.0
16.5,2107.0
16.51,2128.0
16.52,2164.0
16.53,2165.0
16.54,2140.0
16.55,2112.0
16.56,2093.0
16.57,2099.0
16.58,2110.0
16.59,2126.0
16.6,2147.0
16.61,2133.0
16.62,2146.0
16.63,2132.0
16.64,2105.0
16.65,2098.0
16.66,2151.0
16.67,2148.0
16.68,2122.0
16.69,2152.0
16.7,2133.0
16.71,2120.0
16.72,2109.0
16.73,2100.0
16.74,2100.0
16.75,2100.0
16.76,2096.0
16.77,2088.0
16.78,2109.0
16.79,2139.0
16.8,2155.0
16.81,2133.0
16.82,2117.0
16.83,2117.0
16.84,2119.0
16.85,2120.0
16.86,2129.0
16.87,2153.0
16.88,2129.0
16.89,2133.0
16.9,2145.0
16.91,2118.0
16.92,2114.0
16.93,2107.0
16.94,2093.0
16.95,2094.0
16.96,2097.0
16.97,2094.0
16.98,2073.0
16.99,2059.0
17.0,2083.0
17.01,2129.0
17.02,2155.0
17.03,2137.0
17.04,2125.0
17.05,2176.0
17.06,2189.0
17.07,2137.0
17.08,2096.0
17.09,2122.0
17.1,2142.0
17.11,2144.0
17.12,2146.0
17.13,2124.0
17.14,2101.0
17.15,2108.0
17.16,2144.0
17.17,2112.0
17.18,2081.0
17.19,2089.0
17.2,2087.0
17.21,2085.0
17.22,2087.0
17.23,2104.0
17.24,2115.0
17.25,2107.0
17.26,2106.0
17.27,2123.0
17.28,2113.0
17.29,2098.0
17.3,2106.0
17.31,2097.0
17.32,2055.0
17.33,2060.0
17.34,2075.0
17.35,2062.0
17.36,2078.0
17.37,2094.0
17.38,2088.0
17.39,2068.0
17.4,2079.0
17.41,2067.0
17.42,2039.0
17.43,2067.0
17.44,2108.0
17.45,2113.0
17.46,2086.0
17.47,2096.0
17.48,2098.0
17.49,2080.0
17.5,2086.0
17.51,2088.0
17.52,2094.0
17.53,2114.0
17.54,2094.0
17.55,2058.0
17.56,2057.0
17.57,2088.0
17.58,2135.0
17.59,2136.0
17.6,2122.0
17.61,2140.0
17.62,2134.0
17.63,2129.0
17.64,2130.0
17.65,2116.0
17.66,2116.0
17.67,2109.0
17.68,2068.0
17.69,2062.0
17.7,2109.0
17.71,2108.0
17.72,2116.0
17.73,2110.0
17.74,2072.0
17.75,2053.0
17.76,2079.0
17.77,2153.0
17.78,2147.0
17.79,2105.0
17.8,2129.0
17.81,2154.0
17.82,2149.0
17.83,2127.0
17.84,2107.0
17.85,2130.0
17.86,2166.0
17.87,2165.0
17.88,2142.0
17.89,2098.0
17.9,2088.0
17.91,2109.0
17.92,2104.0
17.93,2142.0
17.94,2167.0
17.95,2186.0
17.96,2183.0
17.97,2149.0
17.98,2183.0
17.99,2195.0
18.0,2192.0
18.01,2190.0
18.02,2165.0
18.03,2163.0
18.04,2171.0
18.05,2143.0
18.06,2145.0
18.07,2159.0
18.08,2171.0
18.09,2191.0
18.1,2203.0
18.11,2212.0
18.12,2214.0
18.13,2222.0
18.14,2249.0
18.15,2243.0
18.16,2242.0
18.17,2272.0
18.18,2228.0
18.19,2228.0
18.2,2320.0
18.21,2340.0
18.22,2300.0
18.23,2329.0
18.24,2358.0
18.25,2366.0
18.26,2370.0
18.27,2363.0
18.28,2384.0
18.29,2428.0
18.3,2458.0
18.31,2437.0
18.32,2407.0
18.33,2434.0
18.34,2472.0
18.35,2516.0
18.36,2558.0
18.37,2607.0
18.38,2665.0
18.39,2719.0
18.4,2822.0
18.41,2913.0
18.42,2925.0
18.43,2945.0
18.44,3020.0
18.45,3112.0
18.46,3211.0
18.47,3344.0
18.48,3508.0
18.49,3687.0
18.5,3854.0
18.51,4051.0
18.52,4282.0
18.53,4571.0
18.54,4858.0
18.55,5231.0
18.56,5708.0
18.57,6138.0
18.58,6531.0
18.59,6902.0
18.6,7190.0
18.61,7378.0
18.62,7307.0
18.63,7033.0
18.64,6658.0
18.65,6142.0
18.66,5578.0
18.67,5006.0
18.68,4472.0
18.69,4056.0
18.7,3607.0
18.71,3194.0
18.72,2948.0
18.73,2816.0
18.74,2690.0
18.75,2590.0
18.76,2495.0
18.77,2418.0
18.78,2361.0
18.79,2299.0
18.8,2283.0
18.81,2278.0
18.82,2283.0
18.83,2290.0
18.84,2231.0
18.85,2203.0
18.86,2191.0
18.87,2165.0
18.88,2133.0
18.89,2152.0
18.9,2210.0
18.91,2227.0
18.92,2202.0
18.93,2162.0
18.94,2160.0
18.95,2210.0
18.96,2191.0
18.97,2146.0
18.98,2172.0
18.99,2183.0
19.0,2121.0
19.01,2084.0
19.02,2045.0
19.03,2059.0
19.04,2100.0
19.05,2116.0
19.06,2168.0
19.07,2139.0
19.08,2096.0
19.09,2074.0
19.1,2093.0
19.11,2113.0
19.12,2102.0
19.13,2094.0
19.14,2079.0
19.15,2036.0
19.16,2030.0
19.17,2045.0
19.18,2044.0
19.19,2047.0
19.2,2057.0
19.21,2023.0
19.22,1997.0
19.23,2040.0
19.24,2076.0
19.25,2082.0
19.26,2065.0
19.27,2079.0
19.28,2065.0
19.29,2021.0
19.3,2007.0
19.31,2064.0
19.32,2075.0
19.33,2040.0
19.34,2054.0
19.35,2059.0
19.36,2028.0
19.37,2030.0
19.38,2055.0
19.39,2043.0
19.4,2025.0
19.41,2026.0
19.42,2061.0
19.43,2069.0
19.44,2033.0
19.45,2039.0
19.46,2079.0
19.47,2043.0
19.48,2005.0
19.49,2051.0
19.5,2077.0
19.51,2078.0
19.52,2030.0
19.53,2018.0
19.54,2039.0
19.55,2039.0
19.56,2019.0
19.57,2009.0
19.58,2025.0
19.59,2012.0
19.6,1965.0
19.61,1933.0
19.62,1998.0
19.63,2040.0
19.64,2082.0
19.65,2085.0
19.66,2066.0
19.67,2020.0
19.68,1974.0
19.69,1970.0
19.7,1979.0
19.71,2005.0
19.72,2012.0
19.73,1994.0
19.74,1977.0
19.75,1958.0
19.76,1968.0
19.77,1975.0
19.78,1963.0
19.79,1955.0
19.8,1961.0
19.81,1980.0
19.82,1971.0
19.83,1992.0
19.84,2024.0
19.85,2016.0
19.86,1989.0
19.87,2016.0
19.88,1999.0
19.89,1989.0
19.9,1988.0
19.91,1974.0
19.92,2001.0
19.93,2018.0
19.94,2010.0
19.95,1979.0
19.96,1977.0
19.97,1931.0
19.98,1973.0
19.99,2032.0
20.0,2004.0
20.01,1991.0
20.02,1977.0
20.03,1931.0
20.04,1950.0
20.05,1959.0
20.06,1995.0
20.07,2040.0
20.08,1994.0
20.09,1987.0
20.1,2005.0
20.11,1997.0
20.12,2002.0
20.13,2012.0
20.14,1993.0
20.15,1953.0
20.16,1978.0
20.17,2007.0
20.18,2023.0
20.19,2011.0
20.2,2005.0
20.21,1990.0
20.22,1965.0
20.23,1960.0
20.24,1952.0
20.25,1940.0
20.26,1950.0
20.27,1970.0
20.28,2018.0
20.29,2033.0
20.3,2032.0
20.31,1980.0
20.32,1974.0
20.33,1978.0
20.34,1973.0
20.35,1970.0
20.36,1968.0
20.37,1937.0
20.38,1911.0
20.39,1920.0
20.4,1942.0
20.41,1937.0
20.42,1946.0
20.43,1973.0
20.44,1947.0
20.45,1899.0
20.46,1936.0
20.47,1952.0
20.48,1901.0
20.49,1911.0
20.5,1941.0
20.51,1969.0
20.52,1935.0
20.53,1951.0
20.54,1978.0
20.55,1958.0
20.56,1882.0
20.57,1924.0
20.58,1921.0
20.59,1921.0
20.6,1944.0
20.61,1945.0
20.62,1922.0
20.63,1925.0
20.64,1945.0
20.65,1897.0
20.66,1909.0
20.67,1919.0
20.68,1884.0
20.69,1904.0
20.7,1905.0
20.71,1904.0
20.72,1847.0
20.73,1917.0
20.74,1924.0
20.75,1871.0
20.76,1877.0
20.77,1877.0
20.78,1936.0
20.79,1898.0
20.8,1883.0
20.81,1931.0
20.82,1952.0
20.83,1895.0
20.84,1889.0
20.85,1898.0
20.86,1890.0
20.87,1858.0
20.88,1840.0
20.89,1831.0
20.9,1856.0
20.91,1894.0
20.92,1883.0
20.93,1885.0
20.94,1900.0
20.95,1904.0
20.96,1859.0
20.97,1879.0
20.98,1888.0
20.99,1870.0
21.0,1861.0
21.01,1851.0
21.02,1848.0
21.03,1869.0
21.04,1872.0
21.05,1892.0
21.06,1876.0
21.07,1858.0
21.08,1845.0
21.09,1817.0
21.1,1833.0
21.11,1874.0
21.12,1868.0
21.13,1818.0
21.14,1846.0
21.15,1881.0
21.16,1875.0
21.17,1841.0
21.18,1895.0
21.19,1847.0
21.2,1836.0
21.21,1859.0
21.22,1838.0
21.23,1854.0
21.24,1849.0
21.25,1841.0
21.26,1846.0
21.27,1812.0
21.28,1829.0
21.29,1797.0
21.3,1804.0
21.31,1844.0
21.32,1784.0
21.33,1799.0
21.34,1827.0
21.35,1816.0
21.36,1807.0
21.37,1797.0
21.38,1855.0
21.39,1816.0
21.4,1791.0
21.41,1817.0
21.42,1792.0
21.43,1807.0
21.44,1854.0
21.45,1831.0
21.46,1799.0
21.47,1805.0
21.48,1804.0
21.49,1832.0
21.5,1789.0
21.51,1766.0
21.52,1750.0
21.53,1769.0
21.54,1800.0
21.55,1843.0
21.56,1759.0
21.57,1786.0
21.58,1741.0
21.59,1786.0
21.6,1817.0
21.61,1777.0
21.62,1785.0
21.63,1758.0
21.64,1788.0
21.65,1782.0
21.66,1766.0
21.67,1727.0
21.68,1751.0
21.69,1761.0
21.7,1764.0
21.71,1748.0
21.72,1740.0
21.73,1765.0
21.74,1738.0
21.75,1739.0
21.76,1756.0
21.77,1759.0
21.78,1780.0
21.79,1783.0
21.8,1765.0
21.81,1736.0
21.82,1732.0
21.83,1752.0
21.84,1730.0
21.85,1762.0
21.86,1781.0
21.87,1757.0
21.88,1712.0
21.89,1700.0
21.9,1733.0
21.91,1746.0
21.92,1775.0
21.93,1787.0
21.94,1751.0
21.95,1728.0
21.96,1763.0
21.97,1764.0
21.98,1747.0
21.99,1817.0
22.0,1801.0
22.01,1781.0
22.02,1757.0
22.03,1744.0
22.04,1777.0
22.05,1779.0
22.06,1783.0
22.07,1720.0
22.08,1744.0
22.09,1786.0
22.1,1754.0
22.11,1747.0
22.12,1718.0
22.13,1730.0
22.14,1765.0
22.15,1767.0
22.16,1740.0
22.17,1692.0
22.18,1742.0
22.19,1732.0
22.2,1700.0
22.21,1665.0
22.22,1674.0
22.23,1708.0
22.24,1707.0
22.25,1751.0
22.26,1729.0
22.27,1724.0
22.28,1698.0
22.29,1697.0
22.3,1726.0
22.31,1727.0
22.32,1721.0
22.33,1753.0
22.34,1717.0
22.35,1750.0
22.36,1741.0
22.37,1713.0
22.38,1750.0
22.39,1741.0
22.4,1708.0
22.41,1703.0
22.42,1705.0
22.43,1745.0
22.44,1756.0
22.45,1777.0
22.46,1663.0
22.47,1692.0
22.48,1721.0
22.49,1706.0
22.5,1705.0
22.51,1698.0
22.52,1728.0
22.53,1705.0
22.54,1673.0
22.55,1669.0
22.56,1728.0
22.57,1694.0
22.58,1683.0
22.59,1691.0
22.6,1663.0
22.61,1671.0
22.62,1675.0
22.63,1726.0
22.64,1705.0
22.65,1678.0
22.66,1667.0
22.67,1671.0
22.68,1690.0
22.69,1692.0
22.7,1679.0
22.71,1703.0
22.72,1709.0
22.73,1703.0
22.74,1642.0
22.75,1625.0
22.76,1678.0
22.77,1672.0
22.78,1696.0
22.79,1718.0
22.8,1682.0
22.81,1675.0
22.82,1713.0
22.83,1628.0
22.84,1663.0
22.85,1666.0
22.86,1675.0
22.87,1642.0
22.88,1634.0
22.89,1653.0
22.9,1660.0
22.91,1648.0
22.92,1631.0
22.93,1687.0
22.94,1664.0
22.95,1631.0
22.96,1661.0
22.97,1694.0
22.98,1672.0
22.99,1684.0
23.0,1684.0
23.01,1677.0
23.02,1651.0
23.03,1624.0
23.04,1658.0
23.05,1649.0
23.06,1677.0
23.07,1717.0
23.08,1680.0
23.09,1664.0
23.1,1638.0
23.11,1631.0
23.12,1652.0
23.13,1651.0
23.14,1669.0
23.15,1675.0
23.16,1647.0
23.17,1653.0
23.18,1660.0
23.19,1598.0
23.2,1618.0
23.21,1613.0
23.22,1647.0
23.23,1644.0
23.24,1614.0
23.25,1642.0
23.26,1615.0
23.27,1594.0
23.28,1636.0
23.29,1633.0
23.3,1659.0
23.31,1639.0
23.32,1599.0
23.33,1614.0
23.34,1657.0
23.35,1604.0
23.36,1635.0
23.37,1633.0
23.38,1654.0
23.39,1694.0
23.4,1662.0
23.41,1642.0
23.42,1666.0
23.43,1658.0
23.44,1659.0
23.45,1634.0
23.46,1588.0
23.47,1582.0
23.48,1596.0
23.49,1598.0
23.5,1635.0
23.51,1621.0
23.52,1617.0
23.53,1579.0
23.54,1584.0
23.55,1651.0
23.56,1678.0
23.57,1641.0
23.58,1607.0
23.59,1612.0
23.6,1624.0
23.61,1640.0
23.62,1634.0
23.63,1603.0
23.64,1599.0
23.65,1575.0
23.66,1566.0
23.67,1617.0
23.68,1624.0
23.69,1609.0
23.7,1631.0
23.71,1586.0
23.72,1575.0
23.73,1620.0
23.74,1624.0
23.75,1602.0
23.76,1578.0
23.77,1608.0
23.78,1610.0
23.79,1609.0
23.8,1640.0
23.81,1628.0
23.82,1600.0
23.83,1595.0
23.84,1582.0
23.85,1602.0
23.86,1650.0
23.87,1669.0
23.88,1617.0
23.89,1602.0
23.9,1567.0
23.91,1572.0
23.92,1598.0
23.93,1608.0
23.94,1567.0
23.95,1567.0
23.96,1576.0
23.97,1626.0
23.98,1591.0
23.99,1563.0
24.0,1542.0
24.01,1573.0
24.02,1561.0
24.03,1586.0
24.04,1587.0
24.05,1606.0
24.06,1586.0
24.07,1531.0
24.08,1549.0
24.09,1581.0
24.1,1582.0
24.11,1532.0
24.12,1544.0
24.13,1543.0
24.14,1550.0
24.15,1560.0
24.16,1576.0
24.17,1607.0
24.18,1618.0
24.19,1582.0
24.2,1510.0
24.21,1492.0
24.22,1567.0
24.23,1589.0
24.24,1573.0
24.25,1516.0
24.26,1517.0
24.27,1573.0
24.28,1538.0
24.29,1557.0
24.3,1553.0
24.31,1545.0
24.32,1511.0
24.33,1535.0
24.34,1592.0
24.35,1531.0
24.36,1499.0
24.37,1545.0
24.38,1518.0
24.39,1520.0
24.4,1525.0
24.41,1539.0
24.42,1558.0
24.43,1576.0
24.44,1586.0
24.45,1559.0
24.46,1511.0
24.47,1549.0
24.48,1573.0
24.49,1548.0
24.5,1546.0
24.51,1526.0
24.52,1543.0
24.53,1571.0
24.54,1557.0
24.55,1545.0
24.56,1560.0
24.57,1528.0
24.58,1555.0
24.59,1546.0
24.6,1520.0
24.61,1542.0
24.62,1527.0
24.63,1497.0
24.64,1476.0
24.65,1534.0
24.66,1529.0
24.67,1514.0
24.68,1492.0
24.69,1522.0
24.7,1583.0
24.71,1583.0
24.72,1549.0
24.73,1543.0
24.74,1572.0
24.75,1583.0
24.76,1575.0
24.77,1550.0
24.78,1533.0
24.79,1532.0
24.8,1505.0
24.81,1496.0
24.82,1535.0
24.83,1579.0
24.84,1545.0
24.85,1527.0
24.86,1534.0
24.87,1547.0
24.88,1569.0
24.89,1537.0
24.9,1493.0
24.91,1504.0
24.92,1550.0
24.93,1504.0
24.94,1526.0
24.95,1556.0
24.96,1586.0
24.97,1560.0
24.98,1537.0
24.99,1542.0
25.0,1540.0
25.01,1545.0
25.02,1535.0
25.03,1550.0
25.04,1556.0
25.05,1549.0
25.06,1537.0
25.07,1513.0
25.08,1492.0
25.09,1536.0
25.1,1544.0
25.11,1541.0
25.12,1551.0
25.13,1536.0
25.14,1573.0
25.15,1596.0
25.16,1552.0
25.17,1581.0
25.18,1596.0
25.19,1608.0
25.2,1633.0
25.21,1601.0
25.22,1582.0
25.23,1617.0
25.24,1626.0
25.25,1639.0
25.26,1694.0
25.27,1682.0
25.28,1678.0
25.29,1685.0
25.3,1682.0
25.31,1695.0
25.32,1709.0
25.33,1687.0
25.34,1723.0
25.35,1718.0
25.36,1714.0
25.37,1757.0
25.38,1708.0
25.39,1705.0
25.4,1697.0
25.41,1690.0
25.42,1662.0
25.43,1656.0
25.44,1684.0
25.45,1681.0
25.46,1667.0
25.47,1684.0
25.48,1670.0
25.49,1657.0
25.5,1672.0
25.51,1703.0
25.52,1738.0
25.53,1746.0
25.54,1767.0
25.55,1821.0
25.56,1814.0
25.57,1814.0
25.58,1819.0
25.59,1849.0
25.6,1901.0
25.61,1961.0
25.62,2008.0
25.63,2025.0
25.64,2062.0
25.65,2091.0
25.66,2143.0
25.67,2201.0
25.68,2284.0
25.69,2362.0
25.7,2451.0
25.71,2576.0
25.72,2648.0
25.73,2719.0
25.74,2888.0
25.75,3024.0
25.76,3152.0
25.77,3226.0
25.78,3280.0
25.79,3330.0
25.8,3380.0
25.81,3413.0
25.82,3434.0
25.83,3381.0
25.84,3309.0
25.85,3305.0
25.86,3225.0
25.87,3088.0
25.88,3012.0
25.89,2934.0
25.9,2785.0
25.91,2654.0
25.92,2549.0
25.93,2461.0
25.94,2341.0
25.95,2242.0
25.96,2145.0
25.97,2090.0
25.98,2046.0
25.99,1988.0
26.0,1938.0
26.01,1885.0
26.02,1828.0
26.03,1824.0
26.04,1772.0
26.05,1714.0
26.06,1703.0
26.07,1665.0
26.08,1624.0
26.09,1624.0
26.1,1642.0
26.11,1664.0
26.12,1650.0
26.13,1650.0
26.14,1645.0
26.15,1636.0
26.16,1594.0
26.17,1570.0
26.18,1577.0
26.19,1579.0
26.2,1564.0
26.21,1535.0
26.22,1555.0
26.23,1563.0
26.24,1556.0
26.25,1571.0
26.26,1578.0
26.27,1554.0
26.28,1551.0
26.29,1548.0
26.3,1510.0
26.31,1488.0
26.32,1513.0
26.33,1517.0
26.34,1500.0
26.35,1487.0
26.36,1464.0
26.37,1479.0
26.38,1512.0
26.39,1477.0
26.4,1460.0
26.41,1450.0
26.42,1417.0
26.43,1413.0
26.44,1466.0
26.45,1511.0
26.46,1496.0
26.47,1481.0
26.48,1495.0
26.49,1493.0
26.5,1469.0
26.51,1433.0
26.52,1422.0
26.53,1440.0
26.54,1444.0
26.55,1445.0
26.56,1461.0
26.57,1447.0
26.58,1417.0
26.59,1451.0
26.6,1460.0
26.61,1402.0
26.62,1374.0
26.63,1366.0
26.64,1374.0
26.65,1387.0
26.66,1399.0
26.67,1405.0
26.68,1402.0
26.69,1416.0
26.7,1420.0
26.71,1435.0
26.72,1436.0
26.73,1442.0
26.74,1449.0
26.75,1446.0
26.76,1440.0
26.77,1417.0
26.78,1395.0
26.79,1396.0
26.8,1432.0
26.81,1442.0
26.82,1424.0
26.83,1428.0
26.84,1418.0
26.85,1401.0
26.86,1395.0
26.87,1384.0
26.88,1391.0
26.89,1416.0
26.9,1423.0
26.91,1420.0
26.92,1404.0
26.93,1383.0
26.94,1391.0
26.95,1401.0
26.96,1390.0
26.97,1376.0
26.98,1381.0
26.99,1376.0
27.0,1371.0
27.01,1369.0
27.02,1385.0
27.03,1420.0
27.04,1398.0
27.05,1380.0
27.06,1387.0
27.07,1394.0
27.08,1383.0
27.09,1353.0
27.1,1332.0
27.11,1347.0
27.12,1387.0
27.13,1410.0
27.14,1401.0
27.15,1377.0
27.16,1381.0
27.17,1404.0
27.18,1418.0
27.19,1397.0
27.2,1351.0
27.21,1355.0
27.22,1382.0
27.23,1352.0
27.24,1341.0
27.25,1380.0
27.26,1374.0
27.27,1373.0
27.28,1390.0
27.29,1385.0
27.3,1398.0
27.31,1396.0
27.32,1389.0
27.33,1368.0
27.34,1344.0
27.35,1362.0
27.36,1377.0
27.37,1363.0
27.38,1356.0
27.39,1343.0
27.4,1342.0
27.41,1379.0
27.42,1395.0
27.43,1355.0
27.44,1317.0
27.45,1346.0
27.46,1379.0
27.47,1378.0
27.48,1356.0
27.49,1351.0
27.5,1364.0
27.51,1373.0
27.52,1365.0
27.53,1329.0
27.54,1342.0
27.55,1357.0
27.56,1354.0
27.57,1373.0
27.58,1389.0
27.59,1390.0
27.6,1384.0
27.61,1350.0
27.62,1317.0
27.63,1323.0
27.64,1338.0
27.65,1357.0
27.66,1362.0
27.67,1315.0
27.68,1315.0
27.69,1366.0
27.7,1372.0
27.71,1352.0
27.72,1332.0
27.73,1328.0
27.74,1339.0
27.75,1343.0
27.76,1347.0
27.77,1373.0
27.78,1363.0
27.79,1341.0
27.8,1347.0
27.81,1355.0
27.82,1341.0
27.83,1331.0
27.84,1300.0
27.85,1318.0
27.86,1342.0
27.87,1301.0
27.88,1301.0
27.89,1341.0
27.9,1363.0
27.91,1356.0
27.92,1340.0
27.93,1307.0
27.94,1297.0
27.95,1324.0
27.96,1357.0
27.97,1395.0
27.98,1384.0
27.99,1320.0
28.0,1319.0
28.01,1343.0
28.02,1346.0
28.03,1368.0
28.04,1380.0
28.05,1358.0
28.06,1340.0
28.07,1321.0
28.08,1297.0
28.09,1309.0
28.1,1320.0
28.11,1324.0
28.12,1350.0
28.13,1353.0
28.14,1329.0
28.15,1337.0
28.16,1331.0
28.17,1324.0
28.18,1366.0
28.19,1356.0
28.2,1316.0
28.21,1301.0
28.22,1306.0
28.23,1289.0
28.24,1264.0
28.25,1279.0
28.26,1291.0
28.27,1319.0
28.28,1353.0
28.29,1332.0
28.3,1311.0
28.31,1327.0
28.32,1327.0
28.33,1326.0
28.34,1327.0
28.35,1301.0
28.36,1306.0
28.37,1362.0
28.38,1350.0
28.39,1301.0
28.4,1289.0
28.41,1307.0
28.42,1331.0
28.43,1338.0
28.44,1294.0
28.45,1281.0
28.46,1309.0
28.47,1349.0
28.48,1340.0
28.49,1291.0
28.5,1305.0
28.51,1337.0
28.52,1332.0
28.53,1329.0
28.54,1311.0
28.55,1337.0
28.56,1340.0
28.57,1333.0
28.58,1324.0
28.59,1322.0
28.6,1329.0
28.61,1313.0
28.62,1310.0
28.63,1336.0
28.64,1345.0
28.65,1330.0
28.66,1343.0
28.67,1331.0
28.68,1312.0
28.69,1336.0
28.7,1327.0
28.71,1301.0
28.72,1310.0
28.73,1310.0
28.74,1306.0
28.75,1309.0
28.76,1287.0
28.77,1279.0
28.78,1310.0
28.79,1325.0
28.8,1290.0
28.81,1272.0
28.82,1298.0
28.83,1303.0
28.84,1286.0
28.85,1261.0
28.86,1259.0
28.87,1319.0
28.88,1322.0
28.89,1305.0
28.9,1295.0
28.91,1268.0
28.92,1271.0
28.93,1290.0
28.94,1282.0
28.95,1279.0
28.96,1297.0
28.97,1312.0
28.98,1323.0
28.99,1274.0
29.0,1268.0
29.01,1288.0
29.02,1256.0
29.03,1223.0
29.04,1235.0
29.05,1257.0
29.06,1267.0
29.07,1284.0
29.08,1292.0
29.09,1287.0
29.1,1288.0
29.11,1300.0
29.12,1311.0
29.13,1301.0
29.14,1288.0
29.15,1267.0
29.16,1241.0
29.17,1241.0
29.18,1251.0
29.19,1287.0
29.2,1296.0
29.21,1305.0
29.22,1330.0
29.23,1332.0
29.24,1320.0
29.25,1263.0
29.26,1244.0
29.27,1234.0
29.28,1234.0
29.29,1231.0
29.3,1235.0
29.31,1236.0
29.32,1245.0
29.33,1290.0
29.34,1308.0
29.35,1291.0
29.36,1300.0
29.37,1282.0
29.38,1263.0
29.39,1291.0
29.4,1252.0
29.41,1208.0
29.42,1224.0
29.43,1247.0
29.44,1193.0
29.45,1221.0
29.46,1262.0
29.47,1263.0
29.48,1287.0
29.49,1240.0
29.5,1206.0
29.51,1227.0
29.52,1276.0
29.53,1298.0
29.54,1254.0
29.55,1191.0
29.56,1199.0
29.57,1248.0
29.58,1275.0
29.59,1299.0
29.6,1255.0
29.61,1284.0
29.62,1268.0
29.63,1275.0
29.64,1238.0
29.65,1235.0
29.66,1264.0
29.67,1287.0
29.68,1270.0
29.69,1248.0
29.7,1262.0
29.71,1242.0
29.72,1241.0
29.73,1218.0
29.74,1209.0
29.75,1210.0
29.76,1209.0
29.77,1223.0
29.78,1246.0
29.79,1261.0
29.8,1260.0
29.81,1224.0
29.82,1211.0
29.83,1180.0
29.84,1214.0
29.85,1223.0
29.86,1200.0
29.87,1215.0
29.88,1248.0
29.89,1248.0
29.9,1259.0
29.91,1255.0
29.92,1247.0
29.93,1240.0
29.94,1225.0
29.95,1243.0
29.96,1230.0
29.97,1186.0
29.98,1170.0
29.99,1188.0
30.0,1170.0
30.01,1191.0
30.02,1223.0
30.03,1269.0
30.04,1267.0
30.05,1227.0
30.06,1216.0
30.07,1218.0
30.08,1234.0
30.09,1228.0
30.1,1198.0
30.11,1198.0
30.12,1245.0
30.13,1237.0
30.14,1224.0
30.15,1210.0
30.16,1223.0
30.17,1238.0
30.18,1221.0
30.19,1211.0
30.2,1240.0
30.21,1224.0
30.22,1240.0
30.23,1238.0
30.24,1237.0
30.25,1228.0
30.26,1202.0
30.27,1190.0
30.28,1174.0
30.29,1225.0
30.3,1251.0
30.31,1251.0
30.32,1232.0
30.33,1229.0
30.34,1202.0
30.35,1159.0
30.36,1187.0
30.37,1232.0
30.38,1223.0
30.39,1173.0
30.4,1210.0
30.41,1244.0
30.42,1202.0
30.43,1202.0
30.44,1185.0
30.45,1161.0
30.46,1214.0
30.47,1232.0
30.48,1231.0
30.49,1236.0
30.5,1225.0
30.51,1245.0
30.52,1236.0
30.53,1227.0
30.54,1188.0
30.55,1209.0
30.56,1230.0
30.57,1229.0
30.58,1243.0
30.59,1248.0
30.6,1257.0
30.61,1220.0
30.62,1200.0
30.63,1190.0
30.64,1237.0
30.65,1237.0
30.66,1218.0
30.67,1224.0
30.68,1243.0
30.69,1249.0
30.7,1211.0
30.71,1214.0
30.72,1196.0
30.73,1195.0
30.74,1180.0
30.75,1215.0
30.76,1198.0
30.77,1219.0
30.78,1248.0
30.79,1228.0
30.8,1217.0
30.81,1210.0
30.82,1192.0
30.83,1224.0
30.84,1204.0
30.85,1164.0
30.86,1162.0
30.87,1189.0
30.88,1209.0
30.89,1265.0
30.9,1196.0
30.91,1201.0
30.92,1200.0
30.93,1167.0
30.94,1208.0
30.95,1204.0
30.96,1198.0
30.97,1192.0
30.98,1191.0
30.99,1181.0
31.0,1158.0
31.01,1172.0
31.02,1197.0
31.03,1173.0
31.04,1200.0
31.05,1209.0
31.06,1191.0
31.07,1198.0
31.08,1199.0
31.09,1203.0
31.1,1182.0
31.11,1241.0
31.12,1229.0
31.13,1175.0
31.14,1153.0
31.15,1127.0
31.16,1174.0
31.17,1200.0
31.18,1169.0
31.19,1176.0
31.2,1210.0
31.21,1219.0
31.22,1150.0
31.23,1163.0
31.24,1145.0
31.25,1156.0
31.26,1195.0
31.27,1203.0
31.28,1193.0
31.29,1194.0
31.3,1160.0
31.31,1173.0
31.32,1135.0
31.33,1176.0
31.34,1222.0
31.35,1223.0
31.36,1178.0
31.37,1147.0
31.38,1128.0
31.39,1125.0
31.4,1185.0
31.41,1198.0
31.42,1196.0
31.43,1170.0
31.44,1203.0
31.45,1222.0
31.46,1177.0
31.47,1147.0
31.48,1137.0
31.49,1171.0
31.5,1132.0
31.51,1158.0
31.52,1173.0
31.53,1190.0
31.54,1188.0
31.55,1159.0
31.56,1219.0
31.57,1203.0
31.58,1196.0
31.59,1201.0
31.6,1183.0
31.61,1172.0
31.62,1146.0
31.63,1172.0
31.64,1148.0
31.65,1146.0
31.66,1165.0
31.67,1153.0
31.68,1187.0
31.69,1184.0
31.7,1220.0
31.71,1181.0
31.72,1180.0
31.73,1215.0
31.74,1184.0
31.75,1176.0
31.76,1192.0
31.77,1187.0
31.78,1154.0
31.79,1172.0
31.8,1236.0
31.81,1133.0
31.82,1140.0
31.83,1185.0
31.84,1182.0
31.85,1212.0
31.86,1216.0
31.87,1193.0
31.88,1185.0
31.89,1186.0
31.9,1182.0
31.91,1164.0
31.92,1205.0
31.93,1204.0
31.94,1154.0
31.95,1155.0
31.96,1186.0
31.97,1173.0
31.98,1161.0
31.99,1196.0
32.0,1179.0
32.01,1199.0
32.02,1161.0
32.03,1163.0
32.04,1187.0
32.05,1253.0
32.06,1252.0
32.07,1223.0
32.08,1215.0
32.09,1199.0
32.1,1230.0
32.11,1222.0
32.12,1252.0
32.13,1238.0
32.14,1204.0
32.15,1171.0
32.16,1199.0
32.17,1207.0
32.18,1225.0
32.19,1183.0
32.2,1199.0
32.21,1246.0
32.22,1221.0
32.23,1220.0
32.24,1235.0
32.25,1207.0
32.26,1228.0
32.27,1242.0
32.28,1226.0
32.29,1271.0
32.3,1264.0
32.31,1264.0
32.32,1301.0
32.33,1310.0
32.34,1247.0
32.35,1290.0
32.36,1304.0
32.37,1349.0
32.38,1308.0
32.39,1365.0
32.4,1362.0
32.41,1337.0
32.42,1379.0
32.43,1407.0
32.44,1366.0
32.45,1373.0
32.46,1395.0
32.47,1438.0
32.48,1470.0
32.49,1490.0
32.5,1559.0
32.51,1594.0
32.52,1644.0
32.53,1652.0
32.54,1644.0
32.55,1736.0
32.56,1796.0
32.57,1822.0
32.58,1851.0
32.59,1932.0
32.6,1943.0
32.61,2001.0
32.62,2106.0
32.63,2120.0
32.64,2143.0
32.65,2176.0
32.66,2187.0
32.67,2166.0
32.68,2179.0
32.69,2174.0
32.7,2138.0
32.71,2133.0
32.72,2078.0
32.73,2099.0
32.74,2026.0
32.75,1928.0
32.76,1905.0
32.77,1902.0
32.78,1828.0
32.79,1755.0
32.8,1652.0
32.81,1680.0
32.82,1671.0
32.83,1624.0
32.84,1531.0
32.85,1542.0
32.86,1539.0
32.87,1478.0
32.88,1400.0
32.89,1360.0
32.9,1381.0
32.91,1361.0
32.92,1366.0
32.93,1343.0
32.94,1329.0
32.95,1328.0
32.96,1354.0
32.97,1329.0
32.98,1322.0
32.99,1271.0
33.0,1269.0
33.01,1239.0
33.02,1252.0
33.03,1298.0
33.04,1286.0
33.05,1249.0
33.06,1225.0
33.07,1227.0
33.08,1222.0
33.09,1207.0
33.1,1196.0
33.11,1174.0
33.12,1191.0
33.13,1203.0
33.14,1185.0
33.15,1213.0
33.16,1228.0
33.17,1220.0
33.18,1214.0
33.19,1207.0
33.2,1203.0
33.21,1188.0
33.22,1172.0
33.23,1147.0
33.24,1119.0
33.25,1145.0
33.26,1156.0
33.27,1153.0
33.28,1149.0
33.29,1160.0
33.3,1149.0
33.31,1151.0
33.32,1157.0
33.33,1166.0
33.34,1137.0
33.35,1139.0
33.36,1157.0
33.37,1133.0
33.38,1106.0
33.39,1137.0
33.4,1134.0
33.41,1145.0
33.42,1139.0
33.43,1122.0
33.44,1133.0
33.45,1127.0
33.46,1146.0
33.47,1174.0
33.48,1162.0
33.49,1161.0
33.5,1146.0
33.51,1120.0
33.52,1118.0
33.53,1103.0
33.54,1092.0
33.55,1096.0
33.56,1108.0
33.57,1128.0
33.58,1166.0
33.59,1159.0
33.6,1131.0
33.61,1131.0
33.62,1128.0
33.63,1124.0
33.64,1120.0
33.65,1118.0
33.66,1137.0
33.67,1134.0
33.68,1160.0
33.69,1157.0
33.7,1145.0
33.71,1132.0
33.72,1121.0
33.73,1106.0
33.74,1134.0
33.75,1129.0
33.76,1090.0
33.77,1103.0
33.78,1127.0
33.79,1127.0
33.8,1121.0
33.81,1118.0
33.82,1104.0
33.83,1073.0
33.84,1101.0
33.85,1110.0
33.86,1125.0
33.87,1144.0
33.88,1143.0
33.89,1099.0
33.9,1104.0
33.91,1124.0
33.92,1119.0
33.93,1131.0
33.94,1131.0
33.95,1105.0
33.96,1083.0
33.97,1111.0
33.98,1134.0
33.99,1150.0
34.0,1143.0
34.01,1100.0
34.02,1096.0
34.03,1126.0
34.04,1085.0
34.05,1073.0
34.06,1082.0
34.07,1148.0
34.08,1173.0
34.09,1145.0
34.1,1122.0
34.11,1089.0
34.12,1089.0
34.13,1121.0
34.14,1113.0
34.15,1111.0
34.16,1128.0
34.17,1147.0
34.18,1108.0
34.19,1109.0
34.2,1128.0
34.21,1112.0
34.22,1071.0
34.23,1087.0
34.24,1109.0
34.25,1142.0
34.26,1109.0
34.27,1079.0
34.28,1106.0
34.29,1104.0
34.3,1096.0
34.31,1094.0
34.32,1118.0
34.33,1091.0
34.34,1104.0
34.35,1102.0
34.36,1095.0
34.37,1092.0
34.38,1087.0
34.39,1090.0
34.4,1117.0
34.41,1117.0
34.42,1106.0
34.43,1117.0
34.44,1089.0
34.45,1083.0
34.46,1065.0
34.47,1082.0
34.48,1086.0
34.49,1092.0
34.5,1083.0
34.51,1101.0
34.52,1104.0
34.53,1117.0
34.54,1110.0
34.55,1079.0
34.56,1077.0
34.57,1114.0
34.58,1102.0
34.59,1074.0
34.6,1090.0
34.61,1083.0
34.62,1071.0
34.63,1081.0
34.64,1064.0
34.65,1065.0
34.66,1110.0
34.67,1131.0
34.68,1128.0
34.69,1107.0
34.7,1141.0
34.71,1139.0
34.72,1107.0
34.73,1106.0
34.74,1101.0
34.75,1085.0
34.76,1071.0
34.77,1066.0
34.78,1074.0
34.79,1107.0
34.8,1130.0
34.81,1143.0
34.82,1124.0
34.83,1101.0
34.84,1090.0
34.85,1111.0
34.86,1116.0
34.87,1133.0
34.88,1120.0
34.89,1108.0
34.9,1081.0
34.91,1087.0
34.92,1086.0
34.93,1048.0
34.94,1051.0
34.95,1097.0
34.96,1102.0
34.97,1106.0
34.98,1124.0
34.99,1117.0
35.0,1112.0
35.01,1138.0
35.02,1143.0
35.03,1104.0
35.04,1076.0
35.05,1086.0
35.06,1110.0
35.07,1127.0
35.08,1108.0
35.09,1089.0
35.1,1090.0
35.11,1099.0
35.12,1106.0
35.13,1115.0
35.14,1125.0
35.15,1104.0
35.16,1086.0
35.17,1074.0
35.18,1097.0
35.19,1110.0
35.2,1088.0
35.21,1097.0
35.22,1130.0
35.23,1122.0
35.24,1108.0
35.25,1108.0
35.26,1105.0
35.27,1100.0
35.28,1087.0
35.29,1111.0
35.3,1146.0
35.31,1119.0
35.32,1078.0
35.33,1097.0
35.34,1108.0
35.35,1121.0
35.36,1122.0
35.37,1117.0
35.38,1135.0
35.39,1126.0
35.4,1109.0
35.41,1093.0
35.42,1122.0
35.43,1148.0
35.44,1162.0
35.45,1168.0
35.46,1139.0
35.47,1109.0
35.48,1103.0
35.49,1113.0
35.5,1105.0
35.51,1111.0
35.52,1130.0
35.53,1137.0
35.54,1156.0
35.55,1145.0
35.56,1136.0
35.57,1144.0
35.58,1129.0
35.59,1119.0
35.6,1123.0
35.61,1130.0
35.62,1162.0
35.63,1191.0
35.64,1195.0
35.65,1192.0
35.66,1196.0
35.67,1211.0
35.68,1185.0
35.69,1161.0
35.7,1185.0
35.71,1175.0
35.72,1217.0
35.73,1280.0
35.74,1260.0
35.75,1260.0
35.76,1261.0
35.77,1279.0
35.78,1291.0
35.79,1289.0
35.8,1289.0
35.81,1295.0
35.82,1304.0
35.83,1327.0
35.84,1342.0
35.85,1357.0
35.86,1387.0
35.87,1412.0
35.88,1438.0
35.89,1494.0
35.9,1539.0
35.91,1533.0
35.92,1548.0
35.93,1597.0
35.94,1661.0
35.95,1733.0
35.96,1831.0
35.97,1924.0
35.98,2018.0
35.99,2132.0
36.0,2264.0
36.01,2399.0
36.02,2485.0
36.03,2613.0
36.04,2831.0
36.05,3041.0
36.06,3256.0
36.07,3442.0
36.08,3568.0
36.09,3678.0
36.1,3753.0
36.11,3782.0
36.12,3742.0
36.13,3691.0
36.14,3601.0
36.15,3445.0
36.16,3336.0
36.17,3251.0
36.18,3139.0
36.19,2980.0
36.2,2860.0
36.21,2726.0
36.22,2501.0
36.23,2378.0
36.24,2302.0
36.25,2167.0
36.26,2016.0
36.27,1853.0
36.28,1729.0
36.29,1675.0
36.3,1628.0
36.31,1568.0
36.32,1541.0
36.33,1535.0
36.34,1484.0
36.35,1402.0
36.36,1380.0
36.37,1394.0
36.38,1361.0
36.39,1332.0
36.4,1321.0
36.41,1323.0
36.42,1320.0
36.43,1291.0
36.44,1263.0
36.45,1256.0
36.46,1263.0
36.47,1245.0
36.48,1233.0
36.49,1209.0
36.5,1195.0
36.51,1222.0
36.52,1222.0
36.53,1185.0
36.54,1164.0
36.55,1177.0
36.56,1186.0
36.57,1194.0
36.58,1187.0
36.59,1170.0
36.6,1177.0
36.61,1168.0
36.62,1179.0
36.63,1208.0
36.64,1199.0
36.65,1188.0
36.66,1174.0
36.67,1166.0
36.68,1175.0
36.69,1173.0
36.7,1168.0
36.71,1175.0
36.72,1204.0
36.73,1213.0
36.74,1198.0
36.75,1211.0
36.76,1243.0
36.77,1235.0
36.78,1232.0
36.79,1235.0
36.8,1242.0
36.81,1266.0
36.82,1254.0
36.83,1246.0
36.84,1214.0
36.85,1214.0
36.86,1245.0
36.87,1244.0
36.88,1239.0
36.89,1244.0
36.9,1245.0
36.91,1244.0
36.92,1247.0
36.93,1241.0
36.94,1227.0
36.95,1208.0
36.96,1198.0
36.97,1190.0
36.98,1166.0
36.99,1163.0
37.0,1202.0
37.01,1209.0
37.02,1179.0
37.03,1158.0
37.04,1144.0
37.05,1164.0
37.06,1198.0
37.07,1180.0
37.08,1157.0
37.09,1164.0
37.1,1178.0
37.11,1173.0
37.12,1155.0
37.13,1155.0
37.14,1163.0
37.15,1148.0
37.16,1134.0
37.17,1133.0
37.18,1134.0
37.19,1161.0
37.2,1180.0
37.21,1154.0
37.22,1130.0
37.23,1133.0
37.24,1143.0
37.25,1158.0
37.26,1143.0
37.27,1095.0
37.28,1079.0
37.29,1120.0
37.3,1139.0
37.31,1148.0
37.32,1192.0
37.33,1204.0
37.34,1204.0
37.35,1207.0
37.36,1190.0
37.37,1188.0
37.38,1185.0
37.39,1177.0
37.4,1173.0
37.41,1190.0
37.42,1224.0
37.43,1259.0
37.44,1267.0
37.45,1246.0
37.46,1293.0
37.47,1333.0
37.48,1332.0
37.49,1345.0
37.5,1370.0
37.51,1428.0
37.52,1478.0
37.53,1471.0
37.54,1484.0
37.55,1521.0
37.56,1533.0
37.57,1569.0
37.58,1601.0
37.59,1608.0
37.6,1639.0
37.61,1705.0
37.62,1759.0
37.63,1786.0
37.64,1790.0
37.65,1792.0
37.66,1858.0
37.67,1910.0
37.68,1927.0
37.69,1975.0
37.7,1999.0
37.71,2030.0
37.72,2100.0
37.73,2133.0
37.74,2141.0
37.75,2159.0
37.76,2202.0
37.77,2187.0
37.78,2109.0
37.79,2060.0
37.8,2004.0
37.81,1929.0
37.82,1869.0
37.83,1828.0
37.84,1824.0
37.85,1783.0
37.86,1716.0
37.87,1678.0
37.88,1575.0
37.89,1518.0
37.9,1487.0
37.91,1447.0
37.92,1396.0
37.93,1345.0
37.94,1327.0
37.95,1341.0
37.96,1318.0
37.97,1247.0
37.98,1220.0
37.99,1190.0
38.0,1202.0
38.01,1226.0
38.02,1189.0
38.03,1162.0
38.04,1175.0
38.05,1170.0
38.06,1161.0
38.07,1125.0
38.08,1134.0
38.09,1151.0
38.1,1116.0
38.11,1109.0
38.12,1113.0
38.13,1109.0
38.14,1122.0
38.15,1135.0
38.16,1088.0
38.17,1104.0
38.18,1125.0
38.19,1091.0
38.2,1083.0
38.21,1116.0
38.22,1139.0
38.23,1114.0
38.24,1085.0
38.25,1095.0
38.26,1121.0
38.27,1124.0
38.28,1113.0
38.29,1083.0
38.3,1103.0
38.31,1099.0
38.32,1103.0
38.33,1101.0
38.34,1107.0
38.35,1135.0
38.36,1131.0
38.37,1098.0
38.38,1083.0
38.39,1095.0
38.4,1080.0
38.41,1069.0
38.42,1080.0
38.43,1074.0
38.44,1051.0
38.45,1037.0
38.46,1045.0
38.47,1076.0
38.48,1110.0
38.49,1127.0
38.5,1122.0
38.51,1096.0
38.52,1057.0
38.53,1045.0
38.54,1069.0
38.55,1096.0
38.56,1064.0
38.57,1086.0
38.58,1072.0
38.59,1112.0
38.6,1120.0
38.61,1083.0
38.62,1066.0
38.63,1064.0
38.64,1083.0
38.65,1107.0
38.66,1076.0
38.67,1068.0
38.68,1097.0
38.69,1080.0
38.7,1064.0
38.71,1068.0
38.72,1066.0
38.73,1052.0
38.74,1040.0
38.75,1038.0
38.76,1054.0
38.77,1076.0
38.78,1072.0
38.79,1066.0
38.8,1076.0
38.81,1038.0
38.82,1004.0
38.83,1033.0
38.84,1053.0
38.85,1042.0
38.86,1029.0
38.87,1034.0
38.88,1057.0
38.89,1068.0
38.9,1072.0
38.91,1061.0
38.92,1046.0
38.93,1044.0
38.94,1043.0
38.95,1023.0
38.96,1019.0
38.97,1057.0
38.98,1043.0
38.99,1024.0
39.0,1017.0
39.01,1044.0
39.02,1084.0
39.03,1073.0
39.04,1034.0
39.05,1031.0
39.06,1038.0
39.07,1063.0
39.08,1070.0
39.09,1023.0
39.1,1021.0
39.11,1026.0
39.12,1035.0
39.13,1030.0
39.14,1048.0
39.15,1077.0
39.16,1032.0
39.17,1052.0
39.18,1022.0
39.19,1021.0
39.2,1026.0
39.21,1039.0
39.22,1051.0
39.23,1026.0
39.24,1026.0
39.25,1003.0
39.26,1018.0
39.27,1065.0
39.28,1033.0
39.29,997.0
39.3,1006.0
39.31,1040.0
39.32,1062.0
39.33,1071.0
39.34,1079.0
39.35,1051.0
39.36,1065.0
39.37,1087.0
39.38,1066.0
39.39,1071.0
39.4,1015.0
39.41,1039.0
39.42,1047.0
39.43,1017.0
39.44,1018.0
39.45,1012.0
39.46,1008.0
39.47,1034.0
39.48,1060.0
39.49,1046.0
39.5,1031.0
39.51,1019.0
39.52,1016.0
39.53,1053.0
39.54,1055.0
39.55,1073.0
39.56,1058.0
39.57,1035.0
39.58,1006.0
39.59,1004.0
39.6,1018.0
39.61,1036.0
39.62,1024.0
39.63,1024.0
39.64,1019.0
39.65,1025.0
39.66,1017.0
39.67,1055.0
39.68,1094.0
39.69,1051.0
39.7,1043.0
39.71,1038.0
39.72,1029.0
39.73,1048.0
39.74,1051.0
39.75,1044.0
39.76,1052.0
39.77,1087.0
39.78,1050.0
39.79,1029.0
39.8,1048.0
39.81,1049.0
39.82,1042.0
39.83,1038.0
39.84,1025.0
39.85,1007.0
39.86,1035.0
39.87,1051.0
39.88,1039.0
39.89,1057.0
39.9,1031.0
39.91,1054.0
39.92,1046.0
39.93,1025.0
39.94,1050.0
39.95,1063.0
39.96,1035.0
39.97,1031.0
39.98,1033.0
39.99,1041.0
40.0,1006.0
40.01,1020.0
40.02,1043.0
40.03,1027.0
40.04,1032.0
40.05,1051.0
40.06,1045.0
40.07,1026.0
40.08,1013.0
40.09,1015.0
40.1,1020.0
40.11,1022.0
40.12,1014.0
40.13,1023.0
40.14,1065.0
40.15,1048.0
40.16,1015.0
40.17,1014.0
40.18,1023.0
40.19,1008.0
40.2,988.0
40.21,987.0
40.22,997.0
40.23,967.0
40.24,974.0
40.25,974.0
40.26,994.0
40.27,1002.0
40.28,1032.0
40.29,1066.0
40.3,1093.0
40.31,1079.0
40.32,1029.0
40.33,1019.0
40.34,1028.0
40.35,1002.0
40.36,1010.0
40.37,994.0
40.38,1028.0
40.39,1007.0
40.4,1035.0
40.41,1022.0
40.42,1005.0
40.43,1024.0
40.44,1021.0
40.45,1044.0
40.46,1035.0
40.47,1059.0
40.48,1061.0
40.49,1053.0
40.5,1032.0
40.51,1009.0
40.52,1015.0
40.53,1004.0
40.54,1005.0
40.55,1046.0
40.56,1065.0
40.57,1040.0
40.58,1050.0
40.59,1021.0
40.6,1016.0
40.61,1065.0
40.62,1065.0
40.63,1049.0
40.64,1033.0
40.65,1081.0
40.66,1023.0
40.67,1020.0
40.68,1033.0
40.69,992.0
40.7,1038.0
40.71,1051.0
40.72,1051.0
40.73,1032.0
40.74,1049.0
40.75,1041.0
40.76,1010.0
40.77,1010.0
40.78,1025.0
40.79,1027.0
40.8,1024.0
40.81,1048.0
40.82,1061.0
40.83,1036.0
40.84,1009.0
40.85,1038.0
40.86,1061.0
40.87,1040.0
40.88,1035.0
40.89,1067.0
40.9,1063.0
40.91,1025.0
40.92,1046.0
40.93,1040.0
40.94,1045.0
40.95,1058.0
40.96,1038.0
40.97,1007.0
40.98,1012.0
40.99,1057.0
41.0,1089.0
41.01,1074.0
41.02,1039.0
41.03,1036.0
41.04,1041.0
41.05,1060.0
41.06,1076.0
41.07,1089.0
41.08,1069.0
41.09,1064.0
41.1,1077.0
41.11,1093.0
41.12,1103.0
41.13,1084.0
41.14,1088.0
41.15,1077.0
41.16,1065.0
41.17,1054.0
41.18,1103.0
41.19,1135.0
41.2,1112.0
41.21,1114.0
41.22,1135.0
41.23,1114.0
41.24,1113.0
41.25,1091.0
41.26,1096.0
41.27,1079.0
41.28,1121.0
41.29,1124.0
41.3,1159.0
41.31,1190.0
41.32,1168.0
41.33,1192.0
41.34,1219.0
41.35,1230.0
41.36,1226.0
41.37,1191.0
41.38,1203.0
41.39,1214.0
41.4,1250.0
41.41,1230.0
41.42,1190.0
41.43,1192.0
41.44,1194.0
41.45,1179.0
41.46,1207.0
41.47,1205.0
41.48,1151.0
41.49,1155.0
41.5,1169.0
41.51,1178.0
41.52,1135.0
41.53,1134.0
41.54,1170.0
41.55,1149.0
41.56,1059.0
41.57,1088.0
41.58,1048.0
41.59,1068.0
41.6,1107.0
41.61,1081.0
41.62,1072.0
41.63,1071.0
41.64,1050.0
41.65,1104.0
41.66,1038.0
41.67,1027.0
41.68,1054.0
41.69,1043.0
41.7,1020.0
41.71,1084.0
41.72,1097.0
41.73,1072.0
41.74,1042.0
41.75,1034.0
41.76,1042.0
41.77,1017.0
41.78,1027.0
41.79,999.0
41.8,1010.0
41.81,1036.0
41.82,1065.0
41.83,1051.0
41.84,1056.0
41.85,1052.0
41.86,1016.0
41.87,979.0
41.88,1030.0
41.89,1035.0
41.9,1055.0
41.91,1046.0
41.92,1028.0
41.93,1059.0
41.94,1051.0
41.95,1043.0
41.96,1043.0
41.97,1053.0
41.98,1017.0
41.99,1042.0
42.0,1022.0
42.01,1006.0
42.02,1029.0
42.03,994.0
42.04,981.0
42.05,1023.0
42.06,1022.0
42.07,1062.0
42.08,1059.0
42.09,1044.0
42.1,1067.0
42.11,1071.0
42.12,1063.0
42.13,1057.0
42.14,1013.0
42.15,1056.0
42.16,1042.0
42.17,1004.0
42.18,1001.0
42.19,1030.0
42.2,1079.0
42.21,1057.0
42.22,1029.0
42.23,1027.0
42.24,1011.0
42.25,1045.0
42.26,1089.0
42.27,1063.0
42.28,1033.0
42.29,1040.0
42.3,1061.0
42.31,1082.0
42.32,1044.0
42.33,1076.0
42.34,1047.0
42.35,1043.0
42.36,1040.0
42.37,1021.0
42.38,1041.0
42.39,1039.0
42.4,1067.0
42.41,1028.0
42.42,1010.0
42.43,1051.0
42.44,1019.0
42.45,1015.0
42.46,1048.0
42.47,1062.0
42.48,1063.0
42.49,1084.0
42.5,1051.0
42.51,1026.0
42.52,1060.0
42.53,1079.0
42.54,1032.0
42.55,1046.0
42.56,1068.0
42.57,1096.0
42.58,1033.0
42.59,1024.0
42.6,1073.0
42.61,1080.0
42.62,1123.0
42.63,1108.0
42.64,1047.0
42.65,1091.0
42.66,1066.0
42.67,1030.0
42.68,1038.0
42.69,1059.0
42.7,1080.0
42.71,1090.0
42.72,1108.0
42.73,1103.0
42.74,1095.0
42.75,1072.0
42.76,1072.0
42.77,1111.0
42.78,1071.0
42.79,1070.0
42.8,1078.0
42.81,1088.0
42.82,1052.0
42.83,1063.0
42.84,1114.0
42.85,1125.0
42.86,1101.0
42.87,1127.0
42.88,1133.0
42.89,1094.0
42.9,1106.0
42.91,1133.0
42.92,1092.0
42.93,1116.0
42.94,1115.0
42.95,1092.0
42.96,1112.0
42.97,1094.0
42.98,1105.0
42.99,1069.0
43.0,1073.0
43.01,1088.0
43.02,1087.0
43.03,1100.0
43.04,1154.0
43.05,1165.0
43.06,1142.0
43.07,1146.0
43.08,1167.0
43.09,1192.0
43.1,1212.0
43.11,1187.0
43.12,1211.0
43.13,1230.0
43.14,1211.0
43.15,1144.0
43.16,1184.0
43.17,1205.0
43.18,1250.0
43.19,1275.0
43.2,1252.0
43.21,1199.0
43.22,1202.0
43.23,1248.0
43.24,1287.0
43.25,1259.0
43.26,1247.0
43.27,1305.0
43.28,1298.0
43.29,1314.0
43.3,1369.0
43.31,1357.0
43.32,1404.0
43.33,1434.0
43.34,1419.0
43.35,1482.0
43.36,1492.0
43.37,1500.0
43.38,1516.0
43.39,1542.0
43.4,1574.0
43.41,1564.0
43.42,1624.0
43.43,1649.0
43.44,1687.0
43.45,1705.0
43.46,1711.0
43.47,1774.0
43.48,1857.0
43.49,1947.0
43.5,1976.0
43.51,2048.0
43.52,2140.0
43.53,2143.0
43.54,2160.0
43.55,2245.0
43.56,2346.0
43.57,2384.0
43.58,2450.0
43.59,2478.0
43.6,2575.0
43.61,2594.0
43.62,2650.0
43.63,2754.0
43.64,2765.0
43.65,2785.0
43.66,2826.0
43.67,2820.0
43.68,2865.0
43.69,2881.0
43.7,2882.0
43.71,2947.0
43.72,2953.0
43.73,2953.0
43.74,3007.0
43.75,3116.0
43.76,3148.0
43.77,3218.0
43.78,3251.0
43.79,3359.0
43.8,3449.0
43.81,3485.0
43.82,3598.0
43.83,3743.0
43.84,3912.0
43.85,4042.0
43.86,4144.0
43.87,4259.0
43.88,4382.0
43.89,4382.0
43.9,4387.0
43.91,4340.0
43.92,4210.0
43.93,4044.0
43.94,3973.0
43.95,3935.0
43.96,3814.0
43.97,3777.0
43.98,3583.0
43.99,3517.0
44.0,3384.0
44.01,3338.0
44.02,3168.0
44.03,3014.0
44.04,2923.0
44.05,2767.0
44.06,2612.0
44.07,2477.0
44.08,2347.0
44.09,2252.0
44.1,2139.0
44.11,2076.0
44.12,1987.0
44.13,1861.0
44.14,1848.0
44.15,1785.0
44.16,1719.0
44.17,1696.0
44.18,1624.0
44.19,1565.0
44.2,1551.0
44.21,1522.0
44.22,1465.0
44.23,1425.0
44.24,1411.0
44.25,1421.0
44.26,1399.0
44.27,1374.0
44.28,1382.0
44.29,1375.0
44.3,1324.0
44.31,1302.0
44.32,1303.0
44.33,1252.0
44.34,1252.0
44.35,1275.0
44.36,1248.0
44.37,1231.0
44.38,1218.0
44.39,1218.0
44.4,1199.0
44.41,1150.0
44.42,1165.0
44.43,1168.0
44.44,1189.0
44.45,1195.0
44.46,1189.0
44.47,1159.0
44.48,1137.0
44.49,1123.0
44.5,1160.0
44.51,1159.0
44.52,1136.0
44.53,1125.0
44.54,1123.0
44.55,1156.0
44.56,1140.0
44.57,1129.0
44.58,1113.0
44.59,1105.0
44.6,1084.0
44.61,1100.0
44.62,1136.0
44.63,1158.0
44.64,1131.0
44.65,1116.0
44.66,1087.0
44.67,1114.0
44.68,1093.0
44.69,1095.0
44.7,1131.0
44.71,1111.0
44.72,1082.0
44.73,1090.0
44.74,1075.0
44.75,1072.0
44.76,1078.0
44.77,1088.0
44.78,1100.0
44.79,1106.0
44.8,1117.0
44.81,1091.0
44.82,1090.0
44.83,1113.0
44.84,1109.0
44.85,1110.0
44.86,1132.0
44.87,1095.0
44.88,1075.0
44.89,1083.0
44.9,1069.0
44.91,1104.0
44.92,1086.0
44.93,1069.0
44.94,1083.0
44.95,1083.0
44.96,1065.0
44.97,1085.0
44.98,1095.0
44.99,1063.0
45.0,1068.0
45.01,1102.0
45.02,1113.0
45.03,1087.0
45.04,1077.0
45.05,1071.0
45.06,1068.0
45.07,1081.0
45.08,1090.0
45.09,1076.0
45.1,1083.0
45.11,1086.0
45.12,1087.0
45.13,1067.0
45.14,1078.0
45.15,1042.0
45.16,1032.0
45.17,1074.0
45.18,1075.0
45.19,1058.0
45.2,1055.0
45.21,1053.0
45.22,1049.0
45.23,1042.0
45.24,1044.0
45.25,1015.0
45.26,1030.0
45.27,1065.0
45.28,1055.0
45.29,1047.0
45.3,1061.0
45.31,1058.0
45.32,1023.0
45.33,1030.0
45.34,1023.0
45.35,1011.0
45.36,997.0
45.37,1041.0
45.38,1019.0
45.39,1004.0
45.4,1014.0
45.41,1019.0
45.42,1008.0
45.43,1034.0
45.44,1051.0
45.45,1049.0
45.46,1048.0
45.47,1010.0
45.48,1024.0
45.49,1064.0
45.5,1059.0
45.51,1038.0
45.52,1069.0
45.53,1050.0
45.54,1044.0
45.55,1023.0
45.56,1009.0
45.57,1020.0
45.58,1031.0
45.59,1046.0
45.6,1021.0
45.61,1005.0
45.62,1030.0
45.63,1064.0
45.64,1051.0
45.65,1014.0
45.66,1002.0
45.67,1029.0
45.68,1025.0
45.69,1031.0
45.7,1020.0
45.71,1048.0
45.72,1028.0
45.73,1038.0
45.74,1041.0
45.75,1019.0
45.76,1015.0
45.77,1009.0
45.78,1027.0
45.79,1010.0
45.8,1037.0
45.81,1057.0
45.82,1027.0
45.83,1008.0
45.84,1025.0
45.85,1057.0
45.86,1037.0
45.87,1026.0
45.88,1015.0
45.89,1012.0
45.9,1009.0
45.91,993.0
45.92,1021.0
45.93,1043.0
45.94,1073.0
45.95,1061.0
45.96,1044.0
45.97,1042.0
45.98,1051.0
45.99,1013.0
46.0,1033.0
46.01,1032.0
46.02,1018.0
46.03,1027.0
46.04,1010.0
46.05,1005.0
46.06,1025.0
46.07,1022.0
46.08,1029.0
46.09,1029.0
46.1,1048.0
46.11,1043.0
46.12,1028.0
46.13,1015.0
46.14,1019.0
46.15,1040.0
46.16,1043.0
46.17,1023.0
46.18,1027.0
46.19,1016.0
46.2,1025.0
46.21,1046.0
46.22,1017.0
46.23,1029.0
46.24,1058.0
46.25,1042.0
46.26,1023.0
46.27,1019.0
46.28,1015.0
46.29,1027.0
46.3,1013.0
46.31,998.0
46.32,1004.0
46.33,1009.0
46.34,1018.0
46.35,1039.0
46.36,1046.0
46.37,1017.0
46.38,1029.0
46.39,1024.0
46.4,991.0
46.41,1009.0
46.42,1032.0
46.43,1043.0
46.44,1039.0
46.45,1007.0
46.46,1002.0
46.47,1000.0
46.48,1007.0
46.49,1048.0
46.5,1054.0
46.51,1013.0
46.52,1004.0
46.53,1002.0
46.54,992.0
46.55,987.0
46.56,1022.0
46.57,1040.0
46.58,1064.0
46.59,1059.0
46.6,1018.0
46.61,988.0
46.62,989.0
46.63,1002.0
46.64,1021.0
46.65,1027.0
46.66,1023.0
46.67,1037.0
46.68,1039.0
46.69,1027.0
46.7,995.0
46.71,977.0
46.72,1010.0
46.73,1031.0
46.74,1033.0
46.75,1023.0
46.76,1008.0
46.77,995.0
46.78,1013.0
46.79,1027.0
46.8,1021.0
46.81,1045.0
46.82,1057.0
46.83,1060.0
46.84,1035.0
46.85,987.0
46.86,981.0
46.87,1011.0
46.88,1010.0
46.89,1012.0
46.9,1025.0
46.91,1008.0
46.92,990.0
46.93,1003.0
46.94,1029.0
46.95,1051.0
46.96,1032.0
46.97,1023.0
46.98,1040.0
46.99,1030.0
47.0,1011.0
47.01,1021.0
47.02,1016.0
47.03,1010.0
47.04,1030.0
47.05,1009.0
47.06,1016.0
47.07,1004.0
47.08,1004.0
47.09,1014.0
47.1,1017.0
47.11,1024.0
47.12,1050.0
47.13,1025.0
47.14,994.0
47.15,997.0
47.16,1048.0
47.17,1049.0
47.18,1019.0
47.19,1013.0
47.2,1033.0
47.21,1042.0
47.22,1030.0
47.23,1024.0
47.24,1021.0
47.25,991.0
47.26,1027.0
47.27,1034.0
47.28,1009.0
47.29,1021.0
47.3,1023.0
47.31,1031.0
47.32,1046.0
47.33,1036.0
47.34,1030.0
47.35,1029.0
47.36,1012.0
47.37,998.0
47.38,988.0
47.39,985.0
47.4,1007.0
47.41,1021.0
47.42,1039.0
47.43,1050.0
47.44,1065.0
47.45,1078.0
47.46,1069.0
47.47,1078.0
47.48,1062.0
47.49,1059.0
47.5,1042.0
47.51,1020.0
47.52,1054.0
47.53,1064.0
47.54,1030.0
47.55,1034.0
47.56,1058.0
47.57,1049.0
47.58,1042.0
47.59,1060.0
47.6,1055.0
47.61,1039.0
47.62,1047.0
47.63,1081.0
47.64,1100.0
47.65,1071.0
47.66,1057.0
47.67,1054.0
47.68,1084.0
47.69,1105.0
47.7,1084.0
47.71,1072.0
47.72,1076.0
47.73,1076.0
47.74,1084.0
47.75,1080.0
47.76,1074.0
47.77,1070.0
47.78,1068.0
47.79,1095.0
47.8,1130.0
47.81,1126.0
47.82,1125.0
47.83,1137.0
47.84,1121.0
47.85,1131.0
47.86,1148.0
47.87,1125.0
47.88,1130.0
47.89,1142.0
47.9,1156.0
47.91,1182.0
47.92,1189.0
47.93,1212.0
47.94,1270.0
47.95,1287.0
47.96,1255.0
47.97,1260.0
47.98,1312.0
47.99,1369.0
48.0,1418.0
48.01,1466.0
48.02,1559.0
48.03,1606.0
48.04,1617.0
48.05,1634.0
48.06,1685.0
48.07,1717.0
48.08,1672.0
48.09,1625.0
48.1,1598.0
48.11,1596.0
48.12,1609.0
48.13,1579.0
48.14,1532.0
48.15,1514.0
48.16,1510.0
48.17,1499.0
48.18,1485.0
48.19,1472.0
48.2,1460.0
48.21,1424.0
48.22,1362.0
48.23,1340.0
48.24,1313.0
48.25,1281.0
48.26,1268.0
48.27,1229.0
48.28,1205.0
48.29,1194.0
48.3,1188.0
48.31,1175.0
48.32,1163.0
48.33,1164.0
48.34,1149.0
48.35,1131.0
48.36,1136.0
48.37,1109.0
48.38,1074.0
48.39,1086.0
48.4,1088.0
48.41,1103.0
48.42,1114.0
48.43,1103.0
48.44,1074.0
48.45,1042.0
48.46,1051.0
48.47,1060.0
48.48,1069.0
48.49,1054.0
48.5,1040.0
48.51,1066.0
48.52,1070.0
48.53,1055.0
48.54,1062.0
48.55,1080.0
48.56,1045.0
48.57,1041.0
48.58,1071.0
48.59,1062.0
48.6,1038.0
48.61,1033.0
48.62,1043.0
48.63,1046.0
48.64,1040.0
48.65,1038.0
48.66,1031.0
48.67,1050.0
48.68,1045.0
48.69,1026.0
48.7,1042.0
48.71,1072.0
48.72,1060.0
48.73,1051.0
48.74,1053.0
48.75,1057.0
48.76,1054.0
48.77,1047.0
48.78,1042.0
48.79,1026.0
48.8,1028.0
48.81,1051.0
48.82,1048.0
48.83,1047.0
48.84,1040.0
48.85,1056.0
48.86,1061.0
48.87,1060.0
48.88,1071.0
48.89,1054.0
48.9,1028.0
48.91,1044.0
48.92,1055.0
48.93,1072.0
48.94,1076.0
48.95,1040.0
48.96,1055.0
48.97,1086.0
48.98,1078.0
48.99,1068.0
49.0,1051.0
49.01,1045.0
49.02,1069.0
49.03,1091.0
49.04,1096.0
49.05,1058.0
49.06,1044.0
49.07,1054.0
49.08,1045.0
49.09,1058.0
49.1,1078.0
49.11,1066.0
49.12,1060.0
49.13,1077.0
49.14,1083.0
49.15,1075.0
49.16,1057.0
49.17,1050.0
49.18,1070.0
49.19,1084.0
49.2,1087.0
49.21,1096.0
49.22,1085.0
49.23,1061.0
49.24,1052.0
49.25,1072.0
49.26,1088.0
49.27,1091.0
49.28,1091.0
49.29,1096.0
49.3,1081.0
49.31,1076.0
49.32,1067.0
49.33,1065.0
49.34,1087.0
49.35,1113.0
49.36,1102.0
49.37,1100.0
49.38,1089.0
49.39,1076.0
49.4,1084.0
49.41,1063.0
49.42,1071.0
49.43,1141.0
49.44,1167.0
49.45,1136.0
49.46,1128.0
49.47,1117.0
49.48,1091.0
49.49,1121.0
49.5,1155.0
49.51,1146.0
49.52,1134.0
49.53,1130.0
49.54,1128.0
49.55,1151.0
49.56,1174.0
49.57,1190.0
49.58,1184.0
49.59,1172.0
49.6,1186.0
49.61,1175.0
49.62,1150.0
49.63,1155.0
49.64,1187.0
49.65,1226.0
49.66,1265.0
49.67,1282.0
49.68,1263.0
49.69,1261.0
49.7,1286.0
49.71,1271.0
49.72,1275.0
49.73,1321.0
49.74,1324.0
49.75,1337.0
49.76,1365.0
49.77,1376.0
49.78,1409.0
49.79,1431.0
49.8,1415.0
49.81,1424.0
49.82,1457.0
49.83,1491.0
49.84,1537.0
49.85,1589.0
49.86,1608.0
49.87,1625.0
49.88,1655.0
49.89,1707.0
49.9,1764.0
49.91,1811.0
49.92,1883.0
49.93,1950.0
49.94,1970.0
49.95,2012.0
49.96,2051.0
49.97,2090.0
49.98,2176.0
49.99,2282.0
50.0,2341.0
50.01,2353.0
50.02,2393.0
50.03,2447.0
50.04,2476.0
50.05,2513.0
50.06,2522.0
50.07,2491.0
50.08,2482.0
50.09,2496.0
50.1,2509.0
50.11,2521.0
50.12,2479.0
50.13,2420.0
50.14,2379.0
50.15,2336.0
50.16,2303.0
50.17,2277.0
50.18,2203.0
50.19,2128.0
50.2,2133.0
50.21,2107.0
50.22,2054.0
50.23,2018.0
50.24,1952.0
50.25,1926.0
50.26,1915.0
50.27,1832.0
50.28,1757.0
50.29,1726.0
50.3,1688.0
50.31,1660.0
50.32,1642.0
50.33,1641.0
50.34,1597.0
50.35,1530.0
50.36,1514.0
50.37,1482.0
50.38,1459.0
50.39,1432.0
50.4,1393.0
50.41,1371.0
50.42,1372.0
50.43,1381.0
50.44,1367.0
50.45,1375.0
50.46,1365.0
50.47,1306.0
50.48,1278.0
50.49,1282.0
50.5,1260.0
50.51,1246.0
50.52,1240.0
50.53,1216.0
50.54,1202.0
50.55,1187.0
50.56,1201.0
50.57,1223.0
50.58,1191.0
50.59,1188.0
50.6,1205.0
50.61,1191.0
50.62,1159.0
50.63,1121.0
50.64,1127.0
50.65,1162.0
50.66,1156.0
50.67,1146.0
50.68,1144.0
50.69,1155.0
50.7,1178.0
50.71,1171.0
50.72,1170.0
50.73,1145.0
50.74,1101.0
50.75,1083.0
50.76,1070.0
50.77,1095.0
50.78,1125.0
50.79,1113.0
50.8,1123.0
50.81,1131.0
50.82,1110.0
50.83,1109.0
50.84,1128.0
50.85,1121.0
50.86,1097.0
50.87,1113.0
50.88,1122.0
50.89,1089.0
50.9,1093.0
50.91,1127.0
50.92,1122.0
50.93,1100.0
50.94,1089.0
50.95,1100.0
50.96,1125.0
50.97,1102.0
50.98,1078.0
50.99,1067.0
51.0,1049.0
51.01,1047.0
51.02,1060.0
51.03,1082.0
51.04,1059.0
51.05,1060.0
51.06,1095.0
51.07,1087.0
51.08,1071.0
51.09,1055.0
51.1,1058.0
51.11,1067.0
51.12,1081.0
51.13,1088.0
51.14,1078.0
51.15,1084.0
51.16,1068.0
51.17,1058.0
51.18,1064.0
51.19,1080.0
51.2,1083.0
51.21,1041.0
51.22,1031.0
51.23,1077.0
51.24,1068.0
51.25,1059.0
51.26,1075.0
51.27,1036.0
51.28,1035.0
51.29,1066.0
51.3,1082.0
51.31,1097.0
51.32,1093.0
51.33,1073.0
51.34,1075.0
51.35,1092.0
51.36,1088.0
51.37,1088.0
51.38,1092.0
51.39,1067.0
51.4,1059.0
51.41,1074.0
51.42,1055.0
51.43,1032.0
51.44,1025.0
51.45,1026.0
51.46,1049.0
51.47,1055.0
51.48,1054.0
51.49,1058.0
51.5,1066.0
51.51,1084.0
51.52,1073.0
51.53,1067.0
51.54,1069.0
51.55,1063.0
51.56,1068.0
51.57,1045.0
51.58,1012.0
51.59,1026.0
51.6,1062.0
51.61,1065.0
51.62,1062.0
51.63,1056.0
51.64,1081.0
51.65,1107.0
51.66,1065.0
51.67,1024.0
51.68,1040.0
51.69,1049.0
51.7,1036.0
51.71,1056.0
51.72,1053.0
51.73,1030.0
51.74,1019.0
51.75,1032.0
51.76,1063.0
51.77,1055.0
51.78,1039.0
51.79,1059.0
51.8,1090.0
51.81,1092.0
51.82,1061.0
51.83,1049.0
51.84,1054.0
51.85,1041.0
51.86,1047.0
51.87,1069.0
51.88,1054.0
51.89,1025.0
51.9,1014.0
51.91,1039.0
51.92,1068.0
51.93,1089.0
51.94,1071.0
51.95,1051.0
51.96,1057.0
51.97,1055.0
51.98,1051.0
51.99,1054.0
52.0,1062.0
52.01,1047.0
52.02,1047.0
52.03,1064.0
52.04,1053.0
52.05,1041.0
52.06,1041.0
52.07,1043.0
52.08,1067.0
52.09,1075.0
52.1,1035.0
52.11,1029.0
52.12,1066.0
52.13,1039.0
52.14,1007.0
52.15,1027.0
52.16,1047.0
52.17,1075.0
52.18,1082.0
52.19,1060.0
52.2,1051.0
52.21,1060.0
52.22,1058.0
52.23,1052.0
52.24,1057.0
52.25,1035.0
52.26,1012.0
52.27,1020.0
52.28,1046.0
52.29,1085.0
52.3,1099.0
52.31,1078.0
52.32,1048.0
52.33,1049.0
52.34,1062.0
52.35,1062.0
52.36,1049.0
52.37,1049.0
52.38,1068.0
52.39,1081.0
52.4,1039.0
52.41,1012.0
52.42,1043.0
52.43,1048.0
52.44,1050.0
52.45,1101.0
52.46,1121.0
52.47,1116.0
52.48,1101.0
52.49,1065.0
52.5,1051.0
52.51,1060.0
52.52,1071.0
52.53,1069.0
52.54,1077.0
52.55,1072.0
52.56,1075.0
52.57,1083.0
52.58,1094.0
52.59,1108.0
52.6,1114.0
52.61,1067.0
52.62,1048.0
52.63,1075.0
52.64,1099.0
52.65,1114.0
52.66,1125.0
52.67,1118.0
52.68,1094.0
52.69,1070.0
52.7,1084.0
52.71,1097.0
52.72,1095.0
52.73,1099.0
52.74,1118.0
52.75,1116.0
52.76,1122.0
52.77,1144.0
52.78,1131.0
52.79,1095.0
52.8,1093.0
52.81,1106.0
52.82,1105.0
52.83,1139.0
52.84,1153.0
52.85,1132.0
52.86,1145.0
52.87,1178.0
52.88,1177.0
52.89,1162.0
52.9,1145.0
52.91,1173.0
52.92,1214.0
52.93,1251.0
52.94,1270.0
52.95,1261.0
52.96,1273.0
52.97,1316.0
52.98,1343.0
52.99,1359.0
53.0,1359.0
53.01,1367.0
53.02,1395.0
53.03,1408.0
53.04,1416.0
53.05,1458.0
53.06,1521.0
53.07,1535.0
53.08,1507.0
53.09,1456.0
53.1,1444.0
53.11,1477.0
53.12,1488.0
53.13,1501.0
53.14,1478.0
53.15,1430.0
53.16,1423.0
53.17,1418.0
53.18,1419.0
53.19,1410.0
53.2,1404.0
53.21,1417.0
53.22,1407.0
53.23,1374.0
53.24,1349.0
53.25,1335.0
53.26,1325.0
53.27,1341.0
53.28,1345.0
53.29,1322.0
53.3,1278.0
53.31,1249.0
53.32,1220.0
53.33,1216.0
53.34,1220.0
53.35,1203.0
53.36,1186.0
53.37,1180.0
53.38,1170.0
53.39,1155.0
53.4,1150.0
53.41,1166.0
53.42,1139.0
53.43,1133.0
53.44,1138.0
53.45,1104.0
53.46,1079.0
53.47,1096.0
53.48,1108.0
53.49,1097.0
53.5,1093.0
53.51,1109.0
53.52,1098.0
53.53,1066.0
53.54,1070.0
53.55,1086.0
53.56,1090.0
53.57,1097.0
53.58,1080.0
53.59,1073.0
53.6,1060.0
53.61,1058.0
53.62,1072.0
53.63,1070.0
53.64,1088.0
53.65,1102.0
53.66,1103.0
53.67,1108.0
53.68,1095.0
53.69,1077.0
53.7,1071.0
53.71,1050.0
53.72,1044.0
53.73,1057.0
53.74,1062.0
53.75,1060.0
53.76,1033.0
53.77,1064.0
53.78,1102.0
53.79,1061.0
53.8,1031.0
53.81,1043.0
53.82,1053.0
53.83,1063.0
53.84,1074.0
53.85,1093.0
53.86,1095.0
53.87,1056.0
53.88,1035.0
53.89,1053.0
53.9,1070.0
53.91,1052.0
53.92,1041.0
53.93,1052.0
53.94,1060.0
53.95,1084.0
53.96,1096.0
53.97,1079.0
53.98,1063.0
53.99,1067.0
54.0,1084.0
54.01,1087.0
54.02,1052.0
54.03,1057.0
54.04,1055.0
54.05,1044.0
54.06,1075.0
54.07,1084.0
54.08,1064.0
54.09,1042.0
54.1,1033.0
54.11,1045.0
54.12,1066.0
54.13,1071.0
54.14,1062.0
54.15,1055.0
54.16,1063.0
54.17,1079.0
54.18,1079.0
54.19,1079.0
54.2,1070.0
54.21,1073.0
54.22,1077.0
54.23,1062.0
54.24,1071.0
54.25,1088.0
54.26,1086.0
54.27,1068.0
54.28,1062.0
54.29,1055.0
54.3,1051.0
54.31,1058.0
54.32,1064.0
54.33,1071.0
54.34,1068.0
54.35,1040.0
54.36,1031.0
54.37,1044.0
54.38,1044.0
54.39,1033.0
54.4,1044.0
54.41,1062.0
54.42,1059.0
54.43,1041.0
54.44,1045.0
54.45,1072.0
54.46,1094.0
54.47,1092.0
54.48,1070.0
54.49,1079.0
54.5,1048.0
54.51,1031.0
54.52,1036.0
54.53,1047.0
54.54,1034.0
54.55,1008.0
54.56,1015.0
54.57,1042.0
54.58,1072.0
54.59,1081.0
54.6,1064.0
54.61,1060.0
54.62,1057.0
54.63,1052.0
54.64,1084.0
54.65,1101.0
54.66,1092.0
54.67,1089.0
54.68,1070.0
54.69,1086.0
54.7,1084.0
54.71,1058.0
54.72,1042.0
54.73,1046.0
54.74,1040.0
54.75,1016.0
54.76,1034.0
54.77,1057.0
54.78,1074.0
54.79,1086.0
54.8,1096.0
54.81,1110.0
54.82,1098.0
54.83,1102.0
54.84,1061.0
54.85,1064.0
54.86,1063.0
54.87,1072.0
54.88,1099.0
54.89,1071.0
54.9,1060.0
54.91,1075.0
54.92,1085.0
54.93,1068.0
54.94,1070.0
54.95,1070.0
54.96,1072.0
54.97,1086.0
54.98,1099.0
54.99,1105.0
55.0,1103.0
55.01,1134.0
55.02,1136.0
55.03,1113.0
55.04,1129.0
55.05,1122.0
55.06,1096.0
55.07,1069.0
55.08,1095.0
55.09,1117.0
55.1,1148.0
55.11,1159.0
55.12,1135.0
55.13,1120.0
55.14,1119.0
55.15,1110.0
55.16,1104.0
55.17,1120.0
55.18,1125.0
55.19,1171.0
55.2,1194.0
55.21,1171.0
55.22,1160.0
55.23,1166.0
55.24,1169.0
55.25,1154.0
55.26,1146.0
55.27,1161.0
55.28,1191.0
55.29,1189.0
55.3,1197.0
55.31,1164.0
55.32,1173.0
55.33,1217.0
55.34,1232.0
55.35,1222.0
55.36,1209.0
55.37,1232.0
55.38,1260.0
55.39,1253.0
55.4,1306.0
55.41,1345.0
55.42,1312.0
55.43,1297.0
55.44,1300.0
55.45,1313.0
55.46,1285.0
55.47,1317.0
55.48,1330.0
55.49,1331.0
55.5,1324.0
55.51,1303.0
55.52,1305.0
55.53,1284.0
55.54,1276.0
55.55,1275.0
55.56,1280.0
55.57,1271.0
55.58,1281.0
55.59,1271.0
55.6,1254.0
55.61,1268.0
55.62,1257.0
55.63,1253.0
55.64,1265.0
55.65,1228.0
55.66,1194.0
55.67,1181.0
55.68,1166.0
55.69,1163.0
55.7,1186.0
55.71,1179.0
55.72,1203.0
55.73,1173.0
55.74,1166.0
55.75,1155.0
55.76,1141.0
55.77,1164.0
55.78,1147.0
55.79,1153.0
55.8,1154.0
55.81,1130.0
55.82,1131.0
55.83,1117.0
55.84,1098.0
55.85,1137.0
55.86,1135.0
55.87,1118.0
55.88,1128.0
55.89,1111.0
55.9,1069.0
55.91,1081.0
55.92,1141.0
55.93,1132.0
55.94,1091.0
55.95,1122.0
55.96,1113.0
55.97,1082.0
55.98,1091.0
55.99,1089.0
56.0,1103.0
56.01,1141.0
56.02,1122.0
56.03,1091.0
56.04,1082.0
56.05,1109.0
56.06,1113.0
56.07,1081.0
56.08,1066.0
56.09,1090.0
56.1,1110.0
56.11,1092.0
56.12,1090.0
56.13,1109.0
56.14,1113.0
56.15,1092.0
56.16,1087.0
56.17,1078.0
56.18,1067.0
56.19,1097.0
56.2,1115.0
56.21,1113.0
56.22,1111.0
56.23,1101.0
56.24,1083.0
56.25,1079.0
56.26,1078.0
56.27,1070.0
56.28,1044.0
56.29,1037.0
56.3,1058.0
56.31,1060.0
56.32,1095.0
56.33,1084.0
56.34,1052.0
56.35,1076.0
56.36,1142.0
56.37,1131.0
56.38,1122.0
56.39,1118.0
56.4,1103.0
56.41,1108.0
56.42,1124.0
56.43,1107.0
56.44,1081.0
56.45,1051.0
56.46,1060.0
56.47,1085.0
56.48,1092.0
56.49,1070.0
56.5,1035.0
56.51,1044.0
56.52,1078.0
56.53,1097.0
56.54,1124.0
56.55,1125.0
56.56,1082.0
56.57,1070.0
56.58,1100.0
56.59,1109.0
56.6,1099.0
56.61,1083.0
56.62,1075.0
56.63,1127.0
56.64,1137.0
56.65,1106.0
56.66,1085.0
56.67,1102.0
56.68,1096.0
56.69,1065.0
56.7,1062.0
56.71,1076.0
56.72,1106.0
56.73,1078.0
56.74,1080.0
56.75,1077.0
56.76,1092.0
56.77,1106.0
56.78,1108.0
56.79,1069.0
56.8,1048.0
56.81,1093.0
56.82,1122.0
56.83,1097.0
56.84,1073.0
56.85,1086.0
56.86,1085.0
56.87,1069.0
56.88,1067.0
56.89,1077.0
56.9,1098.0
56.91,1099.0
56.92,1123.0
56.93,1099.0
56.94,1074.0
56.95,1088.0
56.96,1110.0
56.97,1103.0
56.98,1115.0
56.99,1128.0
57.0,1118.0
57.01,1106.0
57.02,1065.0
57.03,1079.0
57.04,1116.0
57.05,1101.0
57.06,1061.0
57.07,1052.0
57.08,1083.0
57.09,1109.0
57.1,1111.0
57.11,1124.0
57.12,1118.0
57.13,1090.0
57.14,1089.0
57.15,1090.0
57.16,1064.0
57.17,1088.0
57.18,1137.0
57.19,1137.0
57.2,1125.0
57.21,1123.0
57.22,1123.0
57.23,1134.0
57.24,1112.0
57.25,1098.0
57.26,1090.0
57.27,1105.0
57.28,1122.0
57.29,1116.0
57.3,1093.0
57.31,1063.0
57.32,1068.0
57.33,1097.0
57.34,1095.0
57.35,1119.0
57.36,1116.0
57.37,1117.0
57.38,1138.0
57.39,1147.0
57.4,1142.0
57.41,1136.0
57.42,1129.0
57.43,1132.0
57.44,1154.0
57.45,1164.0
57.46,1138.0
57.47,1157.0
57.48,1143.0
57.49,1167.0
57.5,1189.0
57.51,1171.0
57.52,1162.0
57.53,1170.0
57.54,1121.0
57.55,1107.0
57.56,1159.0
57.57,1153.0
57.58,1179.0
57.59,1183.0
57.6,1175.0
57.61,1172.0
57.62,1191.0
57.63,1171.0
57.64,1144.0
57.65,1145.0
57.66,1151.0
57.67,1182.0
57.68,1185.0
57.69,1180.0
57.7,1179.0
57.71,1203.0
57.72,1211.0
57.73,1185.0
57.74,1190.0
57.75,1222.0
57.76,1234.0
57.77,1211.0
57.78,1205.0
57.79,1226.0
57.8,1210.0
57.81,1221.0
57.82,1251.0
57.83,1279.0
57.84,1295.0
57.85,1336.0
57.86,1346.0
57.87,1336.0
57.88,1349.0
57.89,1314.0
57.9,1291.0
57.91,1311.0
57.92,1341.0
57.93,1353.0
57.94,1371.0
57.95,1391.0
57.96,1454.0
57.97,1503.0
57.98,1552.0
57.99,1574.0
58.0,1627.0
58.01,1681.0
58.02,1707.0
58.03,1741.0
58.04,1833.0
58.05,1923.0
58.06,1943.0
58.07,1929.0
58.08,1961.0
58.09,2004.0
58.1,2029.0
58.11,2036.0
58.12,1999.0
58.13,1959.0
58.14,1933.0
58.15,1931.0
58.16,1947.0
58.17,1896.0
58.18,1873.0
58.19,1843.0
58.2,1832.0
58.21,1828.0
58.22,1800.0
58.23,1785.0
58.24,1730.0
58.25,1749.0
58.26,1708.0
58.27,1682.0
58.28,1650.0
58.29,1623.0
58.3,1571.0
58.31,1549.0
58.32,1493.0
58.33,1460.0
58.34,1423.0
58.35,1375.0
58.36,1375.0
58.37,1341.0
58.38,1350.0
58.39,1335.0
58.4,1293.0
58.41,1281.0
58.42,1287.0
58.43,1302.0
58.44,1276.0
58.45,1240.0
58.46,1212.0
58.47,1227.0
58.48,1200.0
58.49,1179.0
58.5,1211.0
58.51,1220.0
58.52,1199.0
58.53,1153.0
58.54,1146.0
58.55,1176.0
58.56,1191.0
58.57,1165.0
58.58,1162.0
58.59,1165.0
58.6,1183.0
58.61,1157.0
58.62,1163.0
58.63,1137.0
58.64,1096.0
58.65,1095.0
58.66,1116.0
58.67,1096.0
58.68,1123.0
58.69,1126.0
58.7,1101.0
58.71,1105.0
58.72,1121.0
58.73,1101.0
58.74,1121.0
58.75,1090.0
58.76,1081.0
58.77,1103.0
58.78,1118.0
58.79,1113.0
58.8,1086.0
58.81,1112.0
58.82,1129.0
58.83,1105.0
58.84,1079.0
58.85,1124.0
58.86,1127.0
58.87,1070.0
58.88,1085.0
58.89,1098.0
58.9,1141.0
58.91,1123.0
58.92,1091.0
58.93,1101.0
58.94,1093.0
58.95,1111.0
58.96,1086.0
58.97,1088.0
58.98,1087.0
58.99,1085.0
59.0,1101.0
59.01,1056.0
59.02,1046.0
59.03,1065.0
59.04,1084.0
59.05,1100.0
59.06,1094.0
59.07,1076.0
59.08,1057.0
59.09,1058.0
59.1,1059.0
59.11,1034.0
59.12,1054.0
59.13,1095.0
59.14,1107.0
59.15,1085.0
59.16,1095.0
59.17,1084.0
59.18,1075.0
59.19,1065.0
59.2,1056.0
59.21,1082.0
59.22,1094.0
59.23,1082.0
59.24,1042.0
59.25,1072.0
59.26,1094.0
59.27,1067.0
59.28,1090.0
59.29,1079.0
59.3,1062.0
59.31,1060.0
59.32,1084.0
59.33,1100.0
59.34,1092.0
59.35,1091.0
59.36,1080.0
59.37,1073.0
59.38,1072.0
59.39,1065.0
59.4,1051.0
59.41,1066.0
59.42,1131.0
59.43,1150.0
59.44,1101.0
59.45,1091.0
59.46,1108.0
59.47,1082.0
59.48,1100.0
59.49,1088.0
59.5,1075.0
59.51,1083.0
59.52,1107.0
59.53,1093.0
59.54,1095.0
59.55,1085.0
59.56,1074.0
59.57,1100.0
59.58,1079.0
59.59,1099.0
59.6,1124.0
59.61,1105.0
59.62,1098.0
59.63,1132.0
59.64,1127.0
59.65,1096.0
59.66,1090.0
59.67,1089.0
59.68,1096.0
59.69,1126.0
59.7,1117.0
59.71,1121.0
59.72,1122.0
59.73,1146.0
59.74,1163.0
59.75,1140.0
59.76,1147.0
59.77,1144.0
59.78,1127.0
59.79,1128.0
59.8,1144.0
59.81,1167.0
59.82,1188.0
59.83,1172.0
59.84,1158.0
59.85,1195.0
59.86,1204.0
59.87,1183.0
59.88,1193.0
59.89,1227.0
59.9,1235.0
59.91,1236.0
59.92,1252.0
59.93,1195.0
59.94,1231.0
59.95,1233.0
59.96,1236.0
59.97,1203.0
59.98,1194.0
59.99,1234.0
60.0,1272.0
60.01,1247.0
60.02,1211.0
60.03,1215.0
60.04,1215.0
60.05,1224.0
60.06,1222.0
60.07,1235.0
60.08,1237.0
60.09,1244.0
60.1,1226.0
60.11,1212.0
60.12,1190.0
60.13,1200.0
60.14,1192.0
60.15,1189.0
60.16,1204.0
60.17,1200.0
60.18,1154.0
60.19,1175.0
60.2,1202.0
60.21,1189.0
60.22,1148.0
60.23,1143.0
60.24,1154.0
60.25,1142.0
60.26,1106.0
60.27,1122.0
60.28,1147.0
60.29,1148.0
60.3,1155.0
60.31,1136.0
60.32,1149.0
60.33,1203.0
60.34,1150.0
60.35,1156.0
60.36,1150.0
60.37,1155.0
60.38,1156.0
60.39,1155.0
60.4,1155.0
60.41,1118.0
60.42,1081.0
60.43,1092.0
60.44,1109.0
60.45,1107.0
60.46,1116.0
60.47,1122.0
60.48,1107.0
60.49,1113.0
60.5,1113.0
60.51,1101.0
60.52,1109.0
60.53,1106.0
60.54,1089.0
60.55,1122.0
60.56,1117.0
60.57,1101.0
60.58,1114.0
60.59,1111.0
60.6,1099.0
60.61,1096.0
60.62,1115.0
60.63,1129.0
60.64,1140.0
60.65,1126.0
60.66,1107.0
60.67,1077.0
60.68,1100.0
60.69,1137.0
60.7,1124.0
60.71,1115.0
60.72,1107.0
60.73,1111.0
60.74,1133.0
60.75,1114.0
60.76,1135.0
60.77,1075.0
60.78,1081.0
60.79,1108.0
60.8,1110.0
60.81,1100.0
60.82,1096.0
60.83,1082.0
60.84,1126.0
60.85,1127.0
60.86,1075.0
60.87,1075.0
60.88,1092.0
60.89,1083.0
60.9,1077.0
60.91,1094.0
60.92,1118.0
60.93,1103.0
60.94,1058.0
60.95,1111.0
60.96,1102.0
60.97,1095.0
60.98,1091.0
60.99,1105.0
61.0,1117.0
61.01,1104.0
61.02,1064.0
61.03,1068.0
61.04,1101.0
61.05,1135.0
61.06,1131.0
61.07,1119.0
61.08,1116.0
61.09,1109.0
61.1,1085.0
61.11,1069.0
61.12,1089.0
61.13,1096.0
61.14,1090.0
61.15,1105.0
61.16,1115.0
61.17,1094.0
61.18,1111.0
61.19,1124.0
61.2,1115.0
61.21,1093.0
61.22,1119.0
61.23,1146.0
61.24,1100.0
61.25,1081.0
61.26,1059.0
61.27,1100.0
61.28,1091.0
61.29,1085.0
61.3,1121.0
61.31,1109.0
61.32,1076.0
61.33,1100.0
61.34,1100.0
61.35,1124.0
61.36,1116.0
61.37,1090.0
61.38,1091.0
61.39,1067.0
61.4,1103.0
61.41,1100.0
61.42,1085.0
61.43,1109.0
61.44,1049.0
61.45,1073.0
61.46,1094.0
61.47,1102.0
61.48,1085.0
61.49,1107.0
61.5,1110.0
61.51,1096.0
61.52,1084.0
61.53,1125.0
61.54,1102.0
61.55,1082.0
61.56,1087.0
61.57,1116.0
61.58,1157.0
61.59,1109.0
61.6,1115.0
61.61,1154.0
61.62,1124.0
61.63,1077.0
61.64,1081.0
61.65,1153.0
61.66,1176.0
61.67,1155.0
61.68,1120.0
61.69,1130.0
61.7,1123.0
61.71,1091.0
61.72,1090.0
61.73,1146.0
61.74,1149.0
61.75,1154.0
61.76,1164.0
61.77,1130.0
61.78,1145.0
61.79,1132.0
61.8,1157.0
61.81,1176.0
61.82,1179.0
61.83,1214.0
61.84,1180.0
61.85,1170.0
61.86,1173.0
61.87,1169.0
61.88,1136.0
61.89,1136.0
61.9,1173.0
61.91,1184.0
61.92,1194.0
61.93,1218.0
61.94,1194.0
61.95,1199.0
61.96,1200.0
61.97,1238.0
61.98,1261.0
61.99,1272.0
62.0,1276.0
62.01,1283.0
62.02,1314.0
62.03,1288.0
62.04,1256.0
62.05,1278.0
62.06,1267.0
62.07,1281.0
62.08,1289.0
62.09,1339.0
62.1,1358.0
62.11,1379.0
62.12,1393.0
62.13,1381.0
62.14,1333.0
62.15,1370.0
62.16,1399.0
62.17,1352.0
62.18,1349.0
62.19,1358.0
62.2,1368.0
62.21,1361.0
62.22,1398.0
62.23,1402.0
62.24,1397.0
62.25,1387.0
62.26,1366.0
62.27,1349.0
62.28,1326.0
62.29,1361.0
62.3,1364.0
62.31,1396.0
62.32,1306.0
62.33,1341.0
62.34,1329.0
62.35,1327.0
62.36,1275.0
62.37,1269.0
62.38,1263.0
62.39,1249.0
62.4,1253.0
62.41,1264.0
62.42,1249.0
62.43,1225.0
62.44,1242.0
62.45,1254.0
62.46,1241.0
62.47,1262.0
62.48,1242.0
62.49,1215.0
62.5,1238.0
62.51,1236.0
62.52,1222.0
62.53,1222.0
62.54,1223.0
62.55,1200.0
62.56,1209.0
62.57,1223.0
62.58,1220.0
62.59,1204.0
62.6,1183.0
62.61,1161.0
62.62,1178.0
62.63,1178.0
62.64,1214.0
62.65,1229.0
62.66,1181.0
62.67,1195.0
62.68,1176.0
62.69,1194.0
62.7,1229.0
62.71,1238.0
62.72,1210.0
62.73,1223.0
62.74,1245.0
62.75,1265.0
62.76,1243.0
62.77,1191.0
62.78,1164.0
62.79,1198.0
62.8,1225.0
62.81,1183.0
62.82,1202.0
62.83,1247.0
62.84,1239.0
62.85,1221.0
62.86,1216.0
62.87,1189.0
62.88,1211.0
62.89,1222.0
62.9,1242.0
62.91,1203.0
62.92,1242.0
62.93,1238.0
62.94,1256.0
62.95,1252.0
62.96,1266.0
62.97,1240.0
62.98,1227.0
62.99,1268.0
63.0,1276.0
63.01,1288.0
63.02,1289.0
63.03,1304.0
63.04,1295.0
63.05,1336.0
63.06,1304.0
63.07,1297.0
63.08,1325.0
63.09,1324.0
63.1,1324.0
63.11,1344.0
63.12,1350.0
63.13,1365.0
63.14,1357.0
63.15,1358.0
63.16,1366.0
63.17,1413.0
63.18,1428.0
63.19,1414.0
63.2,1457.0
63.21,1512.0
63.22,1543.0
63.23,1536.0
63.24,1524.0
63.25,1555.0
63.26,1577.0
63.27,1605.0
63.28,1689.0
63.29,1659.0
63.3,1649.0
63.31,1681.0
63.32,1745.0
63.33,1747.0
63.34,1739.0
63.35,1769.0
63.36,1831.0
63.37,1817.0
63.38,1800.0
63.39,1888.0
63.4,1906.0
63.41,1930.0
63.42,1923.0
63.43,1930.0
63.44,1965.0
63.45,2020.0
63.46,2035.0
63.47,2020.0
63.48,2053.0
63.49,2061.0
63.5,2046.0
63.51,2036.0
63.52,2055.0
63.53,2051.0
63.54,2006.0
63.55,2045.0
63.56,2040.0
63.57,2089.0
63.58,2070.0
63.59,2135.0
63.6,2140.0
63.61,2134.0
63.62,2147.0
63.63,2189.0
63.64,2222.0
63.65,2214.0
63.66,2234.0
63.67,2304.0
63.68,2327.0
63.69,2361.0
63.7,2445.0
63.71,2586.0
63.72,2663.0
63.73,2671.0
63.74,2796.0
63.75,2850.0
63.76,2967.0
63.77,3083.0
63.78,3215.0
63.79,3284.0
63.8,3306.0
63.81,3298.0
63.82,3354.0
63.83,3341.0
63.84,3296.0
63.85,3151.0
63.86,3052.0
63.87,2952.0
63.88,2856.0
63.89,2759.0
63.9,2807.0
63.91,2782.0
63.92,2701.0
63.93,2708.0
63.94,2696.0
63.95,2588.0
63.96,2550.0
63.97,2551.0
63.98,2548.0
63.99,2559.0
64.0,2478.0
64.01,2364.0
64.02,2302.0
64.03,2238.0
64.04,2153.0
64.05,2121.0
64.06,2096.0
64.07,2033.0
64.08,1914.0
64.09,1810.0
64.1,1764.0
64.11,1763.0
64.12,1701.0
64.13,1630.0
64.14,1652.0
64.15,1624.0
64.16,1558.0
64.17,1514.0
64.18,1470.0
64.19,1494.0
64.2,1478.0
64.21,1437.0
64.22,1404.0
64.23,1360.0
64.24,1399.0
64.25,1355.0
64.26,1342.0
64.27,1327.0
64.28,1305.0
64.29,1291.0
64.3,1277.0
64.31,1286.0
64.32,1299.0
64.33,1291.0
64.34,1264.0
64.35,1283.0
64.36,1251.0
64.37,1300.0
64.38,1242.0
64.39,1251.0
64.4,1206.0
64.41,1240.0
64.42,1210.0
64.43,1181.0
64.44,1182.0
64.45,1171.0
64.46,1175.0
64.47,1192.0
64.48,1171.0
64.49,1159.0
64.5,1171.0
64.51,1183.0
64.52,1153.0
64.53,1157.0
64.54,1153.0
64.55,1114.0
64.56,1098.0
64.57,1157.0
64.58,1135.0
64.59,1180.0
64.6,1157.0
64.61,1145.0
64.62,1107.0
64.63,1103.0
64.64,1114.0
64.65,1129.0
64.66,1131.0
64.67,1112.0
64.68,1131.0
64.69,1144.0
64.7,1138.0
64.71,1123.0
64.72,1102.0
64.73,1090.0
64.74,1105.0
64.75,1115.0
64.76,1105.0
64.77,1125.0
64.78,1087.0
64.79,1104.0
64.8,1097.0
64.81,1045.0
64.82,1075.0
64.83,1082.0
64.84,1047.0
64.85,1084.0
64.86,1134.0
64.87,1108.0
64.88,1101.0
64.89,1106.0
64.9,1110.0
64.91,1066.0
64.92,1086.0
64.93,1135.0
64.94,1097.0
64.95,1063.0
64.96,1081.0
64.97,1122.0
64.98,1097.0
64.99,1108.0
65.0,1124.0
65.01,1099.0
65.02,1101.0
65.03,1060.0
65.04,1047.0
65.05,1043.0
65.06,1071.0
65.07,1090.0
65.08,1100.0
65.09,1073.0
65.1,1047.0
65.11,1086.0
65.12,1101.0
65.13,1076.0
65.14,1062.0
65.15,1088.0
65.16,1079.0
65.17,1077.0
65.18,1047.0
65.19,1099.0
65.2,1092.0
65.21,1040.0
65.22,1058.0
65.23,1064.0
65.24,1069.0
65.25,1078.0
65.26,1111.0
65.27,1123.0
65.28,1044.0
65.29,1080.0
65.3,1088.0
65.31,1068.0
65.32,1056.0
65.33,1081.0
65.34,1069.0
65.35,1053.0
65.36,1053.0
65.37,1067.0
65.38,1057.0
65.39,1078.0
65.4,1050.0
65.41,1082.0
65.42,1086.0
65.43,1104.0
65.44,1086.0
65.45,1011.0
65.46,1055.0
65.47,1110.0
65.48,1072.0
65.49,1039.0
65.5,1064.0
65.51,1109.0
65.52,1075.0
65.53,1048.0
65.54,1057.0
65.55,1053.0
65.56,1035.0
65.57,1025.0
65.58,1016.0
65.59,1060.0
65.6,1078.0
65.61,1089.0
65.62,1063.0
65.63,1047.0
65.64,1101.0
65.65,1070.0
65.66,1099.0
65.67,1059.0
65.68,1059.0
65.69,1087.0
65.7,1085.0
65.71,1073.0
65.72,1088.0
65.73,1086.0
65.74,1085.0
65.75,1060.0
65.76,1064.0
65.77,1054.0
65.78,1032.0
65.79,1078.0
65.8,1062.0
65.81,1076.0
65.82,1072.0
65.83,1059.0
65.84,1068.0
65.85,1042.0
65.86,1086.0
65.87,1076.0
65.88,1093.0
65.89,1074.0
65.9,1080.0
65.91,1033.0
65.92,1085.0
65.93,1062.0
65.94,1068.0
65.95,1081.0
65.96,1047.0
65.97,1061.0
65.98,1077.0
65.99,1098.0
66.0,1072.0
66.01,1046.0
66.02,1043.0
66.03,1076.0
66.04,1044.0
66.05,1036.0
66.06,1054.0
66.07,1038.0
66.08,1057.0
66.09,1073.0
66.1,1143.0
66.11,1093.0
66.12,1031.0
66.13,1055.0
66.14,1052.0
66.15,1067.0
66.16,1086.0
66.17,1082.0
66.18,1078.0
66.19,1068.0
66.2,1094.0
66.21,1089.0
66.22,1094.0
66.23,1032.0
66.24,1037.0
66.25,1053.0
66.26,1008.0
66.27,1098.0
66.28,1070.0
66.29,1058.0
66.3,1092.0
66.31,1119.0
66.32,1108.0
66.33,1054.0
66.34,1078.0
66.35,1091.0
66.36,1081.0
66.37,1074.0
66.38,1085.0
66.39,1093.0
66.4,1101.0
66.41,1095.0
66.42,1109.0
66.43,1090.0
66.44,1052.0
66.45,1080.0
66.46,1076.0
66.47,1040.0
66.48,1081.0
66.49,1106.0
66.5,1101.0
66.51,1088.0
66.52,1093.0
66.53,1072.0
66.54,1103.0
66.55,1095.0
66.56,1102.0
66.57,1073.0
66.58,1067.0
66.59,1090.0
66.6,1111.0
66.61,1088.0
66.62,1076.0
66.63,1075.0
66.64,1107.0
66.65,1102.0
66.66,1111.0
66.67,1107.0
66.68,1125.0
66.69,1181.0
66.7,1141.0
66.71,1118.0
66.72,1084.0
66.73,1135.0
66.74,1152.0
66.75,1129.0
66.76,1122.0
66.77,1183.0
66.78,1187.0
66.79,1170.0
66.8,1172.0
66.81,1178.0
66.82,1191.0
66.83,1196.0
66.84,1167.0
66.85,1181.0
66.86,1196.0
66.87,1211.0
66.88,1263.0
66.89,1266.0
66.9,1229.0
66.91,1229.0
66.92,1215.0
66.93,1248.0
66.94,1272.0
66.95,1297.0
66.96,1306.0
66.97,1320.0
66.98,1364.0
66.99,1390.0
67.0,1378.0
67.01,1436.0
67.02,1463.0
67.03,1524.0
67.04,1583.0
67.05,1584.0
67.06,1612.0
67.07,1643.0
67.08,1678.0
67.09,1749.0
67.1,1752.0
67.11,1751.0
67.12,1755.0
67.13,1741.0
67.14,1721.0
67.15,1644.0
67.16,1679.0
67.17,1644.0
67.18,1618.0
67.19,1597.0
67.2,1567.0
67.21,1584.0
67.22,1564.0
67.23,1535.0
67.24,1544.0
67.25,1577.0
67.26,1544.0
67.27,1538.0
67.28,1517.0
67.29,1492.0
67.3,1508.0
67.31,1533.0
67.32,1455.0
67.33,1471.0
67.34,1434.0
67.35,1411.0
67.36,1406.0
67.37,1323.0
67.38,1297.0
67.39,1254.0
67.4,1225.0
67.41,1239.0
67.42,1227.0
67.43,1247.0
67.44,1211.0
67.45,1193.0
67.46,1204.0
67.47,1208.0
67.48,1186.0
67.49,1160.0
67.5,1140.0
67.51,1099.0
67.52,1078.0
67.53,1121.0
67.54,1101.0
67.55,1099.0
67.56,1100.0
67.57,1092.0
67.58,1114.0
67.59,1131.0
67.6,1068.0
67.61,1106.0
67.62,1101.0
67.63,1116.0
67.64,1073.0
67.65,1060.0
67.66,1084.0
67.67,1081.0
67.68,1091.0
67.69,1081.0
67.7,1033.0
67.71,1044.0
67.72,1098.0
67.73,1090.0
67.74,1044.0
67.75,1022.0
67.76,1084.0
67.77,1069.0
67.78,1091.0
67.79,1096.0
67.8,1099.0
67.81,1095.0
67.82,1044.0
67.83,1070.0
67.84,1112.0
67.85,1080.0
67.86,1065.0
67.87,1066.0
67.88,1045.0
67.89,1036.0
67.9,1022.0
67.91,1063.0
67.92,1094.0
67.93,1083.0
67.94,1042.0
67.95,1057.0
67.96,1057.0
67.97,1054.0
67.98,1008.0
67.99,1013.0
68.0,1055.0
68.01,1088.0
68.02,1035.0
68.03,1018.0
68.04,987.0
68.05,1091.0
68.06,1068.0
68.07,1079.0
68.08,1106.0
68.09,1107.0
68.1,1086.0
68.11,1048.0
68.12,1035.0
68.13,1061.0
68.14,1075.0
68.15,1022.0
68.16,991.0
68.17,1035.0
68.18,1059.0
68.19,1062.0
68.2,1065.0
68.21,1061.0
68.22,1071.0
68.23,1044.0
68.24,1047.0
68.25,1083.0
68.26,1055.0
68.27,1092.0
68.28,1080.0
68.29,1047.0
68.3,1030.0
68.31,1052.0
68.32,1082.0
68.33,1067.0
68.34,1071.0
68.35,1068.0
68.36,1070.0
68.37,1044.0
68.38,1043.0
68.39,1093.0
68.4,1077.0
68.41,1055.0
68.42,1093.0
68.43,1090.0
68.44,1077.0
68.45,1093.0
68.46,1075.0
68.47,1063.0
68.48,1069.0
68.49,1058.0
68.5,1069.0
68.51,1060.0
68.52,1068.0
68.53,1069.0
68.54,1081.0
68.55,1087.0
68.56,1111.0
68.57,1103.0
68.58,1082.0
68.59,1096.0
68.6,1082.0
68.61,1059.0
68.62,1044.0
68.63,1077.0
68.64,1067.0
68.65,1075.0
68.66,1032.0
68.67,1046.0
68.68,1021.0
68.69,1051.0
68.7,1066.0
68.71,1110.0
68.72,1082.0
68.73,1050.0
68.74,1092.0
68.75,1056.0
68.76,1050.0
68.77,1059.0
68.78,1028.0
68.79,1029.0
68.8,1066.0
68.81,1077.0
68.82,1099.0
68.83,1087.0
68.84,1024.0
68.85,995.0
68.86,1022.0
68.87,1038.0
68.88,1051.0
68.89,1007.0
68.9,999.0
68.91,1035.0
68.92,1046.0
68.93,1037.0
68.94,1049.0
68.95,1056.0
68.96,1080.0
68.97,1095.0
68.98,1075.0
68.99,1059.0
69.0,1056.0
69.01,1058.0
69.02,1084.0
69.03,1084.0
69.04,1055.0
69.05,1064.0
69.06,1032.0
69.07,1049.0
69.08,1043.0
69.09,1030.0
69.1,1028.0
69.11,1035.0
69.12,1046.0
69.13,1054.0
69.14,1013.0
69.15,996.0
69.16,1055.0
69.17,1046.0
69.18,1024.0
69.19,1017.0
69.2,1003.0
69.21,1005.0
69.22,1015.0
69.23,1027.0
69.24,1029.0
69.25,1022.0
69.26,1046.0
69.27,1025.0
69.28,1043.0
69.29,1034.0
69.3,1030.0
69.31,998.0
69.32,1011.0
69.33,999.0
69.34,1012.0
69.35,1035.0
69.36,1014.0
69.37,1005.0
69.38,1011.0
69.39,1023.0
69.4,1064.0
69.41,1042.0
69.42,1044.0
69.43,1041.0
69.44,1043.0
69.45,1031.0
69.46,1057.0
69.47,1029.0
69.48,1014.0
69.49,1037.0
69.5,1074.0
69.51,1021.0
69.52,1008.0
69.53,1027.0
69.54,1044.0
69.55,1038.0
69.56,1025.0
69.57,1008.0
69.58,1021.0
69.59,1038.0
69.6,1000.0
69.61,1015.0
69.62,1045.0
69.63,1057.0
69.64,1060.0
69.65,1039.0
69.66,1015.0
69.67,994.0
69.68,1020.0
69.69,1023.0
69.7,974.0
69.71,998.0
69.72,1023.0
69.73,1002.0
69.74,1034.0
69.75,1057.0
69.76,1016.0
69.77,996.0
69.78,1003.0
69.79,1037.0
69.8,1060.0
69.81,1051.0
69.82,1024.0
69.83,1013.0
69.84,1025.0
69.85,1000.0
69.86,996.0
69.87,1001.0
69.88,1008.0
69.89,1036.0
69.9,1008.0
69.91,1020.0
69.92,990.0
69.93,1025.0
69.94,1043.0
69.95,997.0
69.96,1005.0
69.97,1012.0
69.98,1000.0
69.99,1006.0
70.0,1002.0
70.01,995.0
70.02,1019.0
70.03,1036.0
70.04,1002.0
70.05,978.0
70.06,1023.0
70.07,1034.0
70.08,1001.0
70.09,989.0
70.1,1033.0
70.11,1037.0
70.12,989.0
70.13,1000.0
70.14,1006.0
70.15,983.0
70.16,1001.0
70.17,1003.0
70.18,1014.0
70.19,1044.0
70.2,1038.0
70.21,1049.0
70.22,1031.0
70.23,999.0
70.24,1016.0
70.25,1033.0
70.26,1006.0
70.27,994.0
70.28,1002.0
70.29,1010.0
70.3,1028.0
70.31,1029.0
70.32,1030.0
70.33,1009.0
70.34,1001.0
70.35,1036.0
70.36,1025.0
70.37,1001.0
70.38,1019.0
70.39,1010.0
70.4,1036.0
70.41,1046.0
70.42,1007.0
70.43,1010.0
70.44,1004.0
70.45,1024.0
70.46,1064.0
70.47,1052.0
70.48,1005.0
70.49,1013.0
70.5,1043.0
70.51,1052.0
70.52,1036.0
70.53,981.0
70.54,1011.0
70.55,1017.0
70.56,1003.0
70.57,1031.0
70.58,1000.0
70.59,1057.0
70.6,1024.0
70.61,989.0
70.62,977.0
70.63,983.0
70.64,999.0
70.65,1001.0
70.66,1011.0
70.67,1004.0
70.68,989.0
70.69,983.0
70.7,1041.0
70.71,1034.0
70.72,1018.0
70.73,1019.0
70.74,965.0
70.75,991.0
70.76,1019.0
70.77,995.0
70.78,995.0
70.79,983.0
70.8,998.0
70.81,977.0
70.82,1003.0
70.83,1020.0
70.84,1028.0
70.85,1015.0
70.86,1008.0
70.87,1017.0
70.88,1049.0
70.89,1028.0
70.9,991.0
70.91,1031.0
70.92,1023.0
70.93,1026.0
70.94,1059.0
70.95,1018.0
70.96,1009.0
70.97,1008.0
70.98,1013.0
70.99,1055.0
71.0,1024.0
71.01,997.0
71.02,997.0
71.03,1002.0
71.04,1029.0
71.05,1002.0
71.06,1053.0
71.07,1049.0
71.08,1013.0
71.09,1016.0
71.1,1023.0
71.11,1045.0
71.12,1068.0
71.13,1043.0
71.14,1024.0
71.15,1001.0
71.16,1005.0
71.17,1005.0
71.18,980.0
71.19,1032.0
71.2,1005.0
71.21,998.0
71.22,979.0
71.23,1022.0
71.24,1028.0
71.25,1010.0
71.26,1008.0
71.27,1010.0
71.28,996.0
71.29,977.0
71.3,1023.0
71.31,1008.0
71.32,1017.0
71.33,1009.0
71.34,1002.0
71.35,966.0
71.36,989.0
71.37,1015.0
71.38,1015.0
71.39,1015.0
71.4,1034.0
71.41,1040.0
71.42,1005.0
71.43,1021.0
71.44,1017.0
71.45,1024.0
71.46,1025.0
71.47,1016.0
71.48,1033.0
71.49,1043.0
71.5,1069.0
71.51,1039.0
71.52,1015.0
71.53,1031.0
71.54,1019.0
71.55,1015.0
71.56,1021.0
71.57,1023.0
71.58,1012.0
71.59,1024.0
71.6,1049.0
71.61,1058.0
71.62,1039.0
71.63,1017.0
71.64,1054.0
71.65,1006.0
71.66,1020.0
71.67,1016.0
71.68,998.0
71.69,1019.0
71.7,1050.0
71.71,1069.0
71.72,1040.0
71.73,1040.0
71.74,1047.0
71.75,1026.0
71.76,1002.0
71.77,1042.0
71.78,1041.0
71.79,1034.0
71.8,1032.0
71.81,1049.0
71.82,1055.0
71.83,1013.0
71.84,994.0
71.85,1007.0
71.86,1031.0
71.87,1011.0
71.88,995.0
71.89,996.0
71.9,1021.0
71.91,987.0
71.92,986.0
71.93,996.0
71.94,1049.0
71.95,1023.0
71.96,1003.0
71.97,992.0
71.98,1002.0
71.99,1039.0
72.0,1037.0
72.01,1038.0
72.02,1009.0
72.03,990.0
72.04,960.0
72.05,992.0
72.06,1034.0
72.07,1001.0
72.08,990.0
72.09,1011.0
72.1,1019.0
72.11,1003.0
72.12,991.0
72.13,991.0
72.14,979.0
72.15,983.0
72.16,959.0
72.17,1014.0
72.18,1033.0
72.19,987.0
72.2,961.0
72.21,1001.0
72.22,985.0
72.23,1001.0
72.24,1013.0
72.25,1047.0
72.26,1001.0
72.27,1005.0
72.28,1058.0
72.29,1045.0
72.3,999.0
72.31,989.0
72.32,979.0
72.33,1006.0
72.34,1000.0
72.35,963.0
72.36,994.0
72.37,1052.0
72.38,1027.0
72.39,995.0
72.4,993.0
72.41,988.0
72.42,959.0
72.43,992.0
72.44,999.0
72.45,974.0
72.46,960.0
72.47,966.0
72.48,1012.0
72.49,1007.0
72.5,1046.0
72.51,1010.0
72.52,993.0
72.53,991.0
72.54,983.0
72.55,985.0
72.56,1014.0
72.57,1002.0
72.58,995.0
72.59,1013.0
72.6,992.0
72.61,995.0
72.62,989.0
72.63,1038.0
72.64,1036.0
72.65,966.0
72.66,987.0
72.67,1001.0
72.68,1006.0
72.69,1001.0
72.7,1038.0
72.71,1000.0
72.72,967.0
72.73,990.0
72.74,989.0
72.75,983.0
72.76,966.0
72.77,978.0
72.78,986.0
72.79,1027.0
72.8,1035.0
72.81,1035.0
72.82,989.0
72.83,978.0
72.84,1001.0
72.85,1051.0
72.86,1053.0
72.87,1000.0
72.88,978.0
72.89,1013.0
72.9,976.0
72.91,976.0
72.92,991.0
72.93,975.0
72.94,961.0
72.95,986.0
72.96,981.0
72.97,971.0
72.98,989.0
72.99,1014.0
73.0,998.0
73.01,1002.0
73.02,989.0
73.03,940.0
73.04,969.0
73.05,984.0
73.06,1026.0
73.07,1026.0
73.08,1028.0
73.09,1008.0
73.1,1025.0
73.11,1011.0
73.12,999.0
73.13,1012.0
73.14,977.0
73.15,1002.0
73.16,1018.0
73.17,1005.0
73.18,994.0
73.19,961.0
73.2,993.0
73.21,1020.0
73.22,990.0
73.23,978.0
73.24,988.0
73.25,988.0
73.26,1008.0
73.27,1031.0
73.28,960.0
73.29,980.0
73.3,1022.0
73.31,1019.0
73.32,986.0
73.33,976.0
73.34,995.0
73.35,980.0
73.36,973.0
73.37,990.0
73.38,987.0
73.39,963.0
73.4,956.0
73.41,970.0
73.42,1004.0
73.43,1006.0
73.44,1011.0
73.45,992.0
73.46,951.0
73.47,975.0
73.48,993.0
73.49,972.0
73.5,954.0
73.51,964.0
73.52,987.0
73.53,1017.0
73.54,1039.0
73.55,992.0
73.56,981.0
73.57,976.0
73.58,949.0
73.59,955.0
73.6,982.0
73.61,980.0
73.62,965.0
73.63,961.0
73.64,1013.0
73.65,1016.0
73.66,985.0
73.67,977.0
73.68,994.0
73.69,1019.0
73.7,1010.0
73.71,981.0
73.72,979.0
73.73,995.0
73.74,988.0
73.75,971.0
73.76,951.0
73.77,969.0
73.78,990.0
73.79,997.0
73.8,1014.0
73.81,1002.0
73.82,984.0
73.83,969.0
73.84,980.0
73.85,979.0
73.86,982.0
73.87,990.0
73.88,942.0
73.89,945.0
73.9,954.0
73.91,979.0
73.92,984.0
73.93,1022.0
73.94,979.0
73.95,977.0
73.96,1003.0
73.97,940.0
73.98,977.0
73.99,1001.0
74.0,1020.0
74.01,1039.0
74.02,1015.0
74.03,993.0
74.04,975.0
74.05,991.0
74.06,994.0
74.07,999.0
74.08,986.0
74.09,983.0
74.1,970.0
74.11,995.0
74.12,1017.0
74.13,1013.0
74.14,1004.0
74.15,1017.0
74.16,987.0
74.17,979.0
74.18,999.0
74.19,1002.0
74.2,978.0
74.21,991.0
74.22,988.0
74.23,1014.0
74.24,1037.0
74.25,1027.0
74.26,1022.0
74.27,1026.0
74.28,1012.0
74.29,1036.0
74.3,997.0
74.31,1008.0
74.32,1048.0
74.33,965.0
74.34,961.0
74.35,968.0
74.36,973.0
74.37,978.0
74.38,1025.0
74.39,1030.0
74.4,1000.0
74.41,980.0
74.42,970.0
74.43,983.0
74.44,996.0
74.45,1015.0
74.46,1023.0
74.47,1017.0
74.48,1000.0
74.49,993.0
74.5,992.0
74.51,1027.0
74.52,1035.0
74.53,988.0
74.54,976.0
74.55,1002.0
74.56,1033.0
74.57,982.0
74.58,1017.0
74.59,1008.0
74.6,1013.0
74.61,1016.0
74.62,1009.0
74.63,1002.0
74.64,1010.0
74.65,1018.0
74.66,1000.0
74.67,986.0
74.68,987.0
74.69,981.0
74.7,988.0
74.71,999.0
74.72,989.0
74.73,1010.0
74.74,994.0
74.75,982.0
74.76,952.0
74.77,962.0
74.78,1011.0
74.79,1030.0
74.8,1025.0
74.81,1021.0
74.82,954.0
74.83,988.0
74.84,1003.0
74.85,990.0
74.86,1023.0
74.87,1022.0
74.88,989.0
74.89,987.0
74.9,1016.0
74.91,1041.0
74.92,1044.0
74.93,1008.0
74.94,955.0
74.95,965.0
74.96,1011.0
74.97,1037.0
74.98,996.0
74.99,1028.0
75.0,1025.0
75.01,1053.0
75.02,1066.0
75.03,1035.0
75.04,1059.0
75.05,1016.0
75.06,996.0
75.07,1031.0
75.08,1065.0
75.09,1048.0
75.1,1026.0
75.11,1024.0
75.12,1009.0
75.13,1037.0
75.14,1058.0
75.15,1075.0
75.16,1045.0
75.17,1068.0
75.18,1015.0
75.19,1041.0
75.2,1020.0
75.21,1047.0
75.22,1032.0
75.23,1033.0
75.24,1023.0
75.25,1026.0
75.26,1042.0
75.27,1011.0
75.28,1045.0
75.29,1070.0
75.3,1061.0
75.31,1040.0
75.32,1021.0
75.33,1047.0
75.34,1058.0
75.35,1044.0
75.36,1072.0
75.37,1068.0
75.38,1055.0
75.39,1067.0
75.4,1093.0
75.41,1073.0
75.42,1075.0
75.43,1121.0
75.44,1140.0
75.45,1135.0
75.46,1108.0
75.47,1122.0
75.48,1154.0
75.49,1148.0
75.5,1183.0
75.51,1211.0
75.52,1232.0
75.53,1247.0
75.54,1267.0
75.55,1239.0
75.56,1197.0
75.57,1213.0
75.58,1242.0
75.59,1230.0
75.6,1228.0
75.61,1197.0
75.62,1216.0
75.63,1239.0
75.64,1212.0
75.65,1227.0
75.66,1176.0
75.67,1156.0
75.68,1170.0
75.69,1177.0
75.7,1189.0
75.71,1190.0
75.72,1191.0
75.73,1178.0
75.74,1159.0
75.75,1217.0
75.76,1242.0
75.77,1195.0
75.78,1203.0
75.79,1158.0
75.8,1179.0
75.81,1186.0
75.82,1208.0
75.83,1158.0
75.84,1165.0
75.85,1160.0
75.86,1166.0
75.87,1160.0
75.88,1139.0
75.89,1149.0
75.9,1149.0
75.91,1169.0
75.92,1149.0
75.93,1131.0
75.94,1138.0
75.95,1164.0
75.96,1177.0
75.97,1132.0
75.98,1145.0
75.99,1143.0
76.0,1158.0
76.01,1107.0
76.02,1085.0
76.03,1123.0
76.04,1108.0
76.05,1082.0
76.06,1144.0
76.07,1121.0
76.08,1145.0
76.09,1134.0
76.1,1127.0
76.11,1105.0
76.12,1104.0
76.13,1111.0
76.14,1106.0
76.15,1102.0
76.16,1074.0
76.17,1047.0
76.18,1100.0
76.19,1150.0
76.2,1140.0
76.21,1122.0
76.22,1115.0
76.23,1129.0
76.24,1111.0
76.25,1089.0
76.26,1104.0
76.27,1125.0
76.28,1120.0
76.29,1088.0
76.3,1091.0
76.31,1131.0
76.32,1112.0
76.33,1071.0
76.34,1094.0
76.35,1101.0
76.36,1076.0
76.37,1117.0
76.38,1129.0
76.39,1104.0
76.4,1100.0
76.41,1103.0
76.42,1127.0
76.43,1155.0
76.44,1122.0
76.45,1122.0
76.46,1148.0
76.47,1146.0
76.48,1165.0
76.49,1192.0
76.5,1157.0
76.51,1169.0
76.52,1204.0
76.53,1194.0
76.54,1236.0
76.55,1255.0
76.56,1219.0
76.57,1271.0
76.58,1297.0
76.59,1259.0
76.6,1283.0
76.61,1286.0
76.62,1251.0
76.63,1233.0
76.64,1269.0
76.65,1261.0
76.66,1240.0
76.67,1246.0
76.68,1210.0
76.69,1166.0
76.7,1202.0
76.71,1193.0
76.72,1197.0
76.73,1168.0
76.74,1172.0
76.75,1195.0
76.76,1188.0
76.77,1199.0
76.78,1217.0
76.79,1194.0
76.8,1170.0
76.81,1189.0
76.82,1201.0
76.83,1198.0
76.84,1168.0
76.85,1154.0
76.86,1140.0
76.87,1156.0
76.88,1151.0
76.89,1081.0
76.9,1149.0
76.91,1099.0
76.92,1077.0
76.93,1090.0
76.94,1103.0
76.95,1113.0
76.96,1107.0
76.97,1080.0
76.98,1049.0
76.99,1025.0
77.0,1026.0
77.01,1017.0
77.02,1027.0
77.03,1056.0
77.04,1031.0
77.05,1051.0
77.06,1054.0
77.07,1016.0
77.08,1032.0
77.09,1028.0
77.1,1060.0
77.11,1037.0
77.12,1037.0
77.13,1026.0
77.14,1015.0
77.15,1013.0
77.16,1030.0
77.17,1019.0
77.18,998.0
77.19,1024.0
77.2,1025.0
77.21,1013.0
77.22,1040.0
77.23,1031.0
77.24,1013.0
77.25,1007.0
77.26,1040.0
77.27,1025.0
77.28,1022.0
77.29,1023.0
77.3,1006.0
77.31,987.0
77.32,1011.0
77.33,1019.0
77.34,1005.0
77.35,1000.0
77.36,968.0
77.37,993.0
77.38,1027.0
77.39,998.0
77.4,1001.0
77.41,1035.0
77.42,990.0
77.43,984.0
77.44,990.0
77.45,993.0
77.46,994.0
77.47,1002.0
77.48,972.0
77.49,1000.0
77.5,984.0
77.51,1034.0
77.52,1010.0
77.53,976.0
77.54,993.0
77.55,1024.0
77.56,1019.0
77.57,986.0
77.58,1001.0
77.59,974.0
77.6,988.0
77.61,1019.0
77.62,1019.0
77.63,1005.0
77.64,1001.0
77.65,995.0
77.66,980.0
77.67,969.0
77.68,1008.0
77.69,991.0
77.7,995.0
77.71,971.0
77.72,997.0
77.73,1005.0
77.74,979.0
77.75,1018.0
77.76,1000.0
77.77,982.0
77.78,979.0
77.79,997.0
77.8,1000.0
77.81,1017.0
77.82,1036.0
77.83,1032.0
77.84,1020.0
77.85,1022.0
77.86,1011.0
77.87,972.0
77.88,1000.0
77.89,994.0
77.9,1008.0
77.91,1017.0
77.92,991.0
77.93,997.0
77.94,1006.0
77.95,1047.0
77.96,1051.0
77.97,1009.0
77.98,1019.0
77.99,1060.0
78.0,1041.0
78.01,1023.0
78.02,1043.0
78.03,1030.0
78.04,998.0
78.05,1031.0
78.06,1044.0
78.07,1038.0
78.08,1011.0
78.09,985.0
78.1,970.0
78.11,971.0
78.12,1023.0
78.13,1035.0
78.14,1025.0
78.15,993.0
78.16,1034.0
78.17,996.0
78.18,1000.0
78.19,1017.0
78.2,1003.0
78.21,965.0
78.22,966.0
78.23,1002.0
78.24,1033.0
78.25,1047.0
78.26,1012.0
78.27,1022.0
78.28,993.0
78.29,998.0
78.3,1006.0
78.31,1023.0
78.32,1030.0
78.33,1002.0
78.34,977.0
78.35,1017.0
78.36,976.0
78.37,1013.0
78.38,1054.0
78.39,1016.0
78.4,1013.0
78.41,1039.0
78.42,981.0
78.43,1010.0
78.44,1008.0
78.45,1002.0
78.46,1017.0
78.47,1044.0
78.48,1008.0
78.49,1016.0
78.5,1016.0
78.51,1015.0
78.52,1032.0
78.53,1028.0
78.54,1051.0
78.55,1006.0
78.56,1050.0
78.57,1049.0
78.58,1012.0
78.59,1056.0
78.6,1044.0
78.61,1047.0
78.62,1002.0
78.63,1045.0
78.64,1026.0
78.65,1000.0
78.66,1017.0
78.67,1023.0
78.68,997.0
78.69,1002.0
78.7,1018.0
78.71,1047.0
78.72,1005.0
78.73,930.0
78.74,979.0
78.75,1032.0
78.76,1042.0
78.77,989.0
78.78,997.0
78.79,1031.0
78.8,998.0
78.81,1041.0
78.82,1010.0
78.83,1018.0
78.84,1026.0
78.85,1040.0
78.86,1012.0
78.87,986.0
78.88,977.0
78.89,1000.0
78.9,1025.0
78.91,1038.0
78.92,1025.0
78.93,1019.0
78.94,1013.0
78.95,1020.0
78.96,956.0
78.97,986.0
78.98,980.0
78.99,975.0
79.0,977.0
79.01,1005.0
79.02,1010.0
79.03,977.0
79.04,978.0
79.05,972.0
79.06,1000.0
79.07,1000.0
79.08,1044.0
79.09,1036.0
79.1,987.0
79.11,978.0
79.12,957.0
79.13,994.0
79.14,1013.0
79.15,966.0
79.16,968.0
79.17,1002.0
79.18,996.0
79.19,990.0
79.2,1005.0
79.21,995.0
79.22,984.0
79.23,955.0
79.24,1000.0
79.25,997.0
79.26,982.0
79.27,956.0
79.28,970.0
79.29,1006.0
79.3,1034.0
79.31,1010.0
79.32,989.0
79.33,1010.0
79.34,1013.0
79.35,1002.0
79.36,1040.0
79.37,1022.0
79.38,994.0
79.39,996.0
79.4,988.0
79.41,994.0
79.42,1036.0
79.43,1012.0
79.44,1022.0
79.45,1043.0
79.46,945.0
79.47,962.0
79.48,1009.0
79.49,1022.0
79.5,1028.0
79.51,1035.0
79.52,1041.0
79.53,1027.0
79.54,1015.0
79.55,1014.0
79.56,1035.0
79.57,1021.0
79.58,999.0
79.59,980.0
79.6,1021.0
79.61,1023.0
79.62,1014.0
79.63,1036.0
79.64,1007.0
79.65,1011.0
79.66,1047.0
79.67,1027.0
79.68,1008.0
79.69,1041.0
79.7,1012.0
79.71,1051.0
79.72,1067.0
79.73,1041.0
79.74,1051.0
79.75,1057.0
79.76,1051.0
79.77,1048.0
79.78,1077.0
79.79,1047.0
79.8,1037.0
79.81,1055.0
79.82,1057.0
79.83,1085.0
79.84,1086.0
79.85,1109.0
79.86,1096.0
79.87,1040.0
79.88,1036.0
79.89,1048.0
79.9,1063.0
79.91,1089.0
79.92,1137.0
79.93,1101.0
79.94,1121.0
79.95,1136.0
79.96,1097.0
79.97,1105.0
79.98,1110.0
79.99,1078.0
80.0,1125.0
80.01,1125.0
80.02,1073.0
80.03,1119.0
80.04,1120.0
80.05,1101.0
80.06,1090.0
80.07,1164.0
80.08,1158.0
80.09,1147.0
80.1,1149.0
80.11,1176.0
80.12,1172.0
80.13,1185.0
80.14,1210.0
80.15,1232.0
80.16,1231.0
80.17,1212.0
80.18,1234.0
80.19,1203.0
80.2,1194.0
80.21,1251.0
80.22,1240.0
80.23,1208.0
80.24,1228.0
80.25,1275.0
80.26,1284.0
80.27,1295.0
80.28,1288.0
80.29,1277.0
80.3,1251.0
80.31,1238.0
80.32,1291.0
80.33,1323.0
80.34,1312.0
80.35,1277.0
80.36,1289.0
80.37,1287.0
80.38,1295.0
80.39,1294.0
80.4,1320.0
80.41,1291.0
80.42,1309.0
80.43,1290.0
80.44,1248.0
80.45,1242.0
80.46,1266.0
80.47,1248.0
80.48,1264.0
80.49,1293.0
80.5,1293.0
80.51,1284.0
80.52,1286.0
80.53,1265.0
80.54,1250.0
80.55,1297.0
80.56,1345.0
80.57,1359.0
80.58,1351.0
80.59,1366.0
80.6,1422.0
80.61,1451.0
80.62,1503.0
80.63,1526.0
80.64,1516.0
80.65,1502.0
80.66,1507.0
80.67,1491.0
80.68,1537.0
80.69,1529.0
80.7,1486.0
80.71,1469.0
80.72,1437.0
80.73,1374.0
80.74,1377.0
80.75,1350.0
80.76,1326.0
80.77,1319.0
80.78,1291.0
80.79,1278.0
80.8,1268.0
80.81,1229.0
80.82,1266.0
80.83,1281.0
80.84,1253.0
80.85,1256.0
80.86,1246.0
80.87,1283.0
80.88,1257.0
80.89,1251.0
80.9,1290.0
80.91,1331.0
80.92,1299.0
80.93,1256.0
80.94,1242.0
80.95,1262.0
80.96,1245.0
80.97,1245.0
80.98,1204.0
80.99,1152.0
81.0,1133.0
81.01,1166.0
81.02,1165.0
81.03,1133.0
81.04,1121.0
81.05,1132.0
81.06,1122.0
81.07,1080.0
81.08,1095.0
81.09,1064.0
81.1,1071.0
81.11,1109.0
81.12,1110.0
81.13,1084.0
81.14,1063.0
81.15,1061.0
81.16,1072.0
81.17,1038.0
81.18,1006.0
81.19,1066.0
81.2,1058.0
81.21,1035.0
81.22,1024.0
81.23,1031.0
81.24,1026.0
81.25,1020.0
81.26,1030.0
81.27,1019.0
81.28,997.0
81.29,1019.0
81.3,1050.0
81.31,1036.0
81.32,1024.0
81.33,1042.0
81.34,1024.0
81.35,1020.0
81.36,1030.0
81.37,1019.0
81.38,1022.0
81.39,1016.0
81.4,1001.0
81.41,1016.0
81.42,1041.0
81.43,1045.0
81.44,1053.0
81.45,1026.0
81.46,983.0
81.47,977.0
81.48,996.0
81.49,985.0
81.5,1002.0
81.51,1021.0
81.52,1022.0
81.53,995.0
81.54,1012.0
81.55,1000.0
81.56,990.0
81.57,971.0
81.58,1005.0
81.59,1019.0
81.6,1007.0
81.61,1024.0
81.62,1007.0
81.63,985.0
81.64,994.0
81.65,1003.0
81.66,1024.0
81.67,1022.0
81.68,1025.0
81.69,1014.0
81.7,1021.0
81.71,996.0
81.72,945.0
81.73,962.0
81.74,980.0
81.75,1014.0
81.76,999.0
81.77,954.0
81.78,959.0
81.79,986.0
81.8,986.0
81.81,1015.0
81.82,1004.0
81.83,968.0
81.84,984.0
81.85,993.0
81.86,1009.0
81.87,1009.0
81.88,976.0
81.89,963.0
81.9,1003.0
81.91,978.0
81.92,993.0
81.93,1000.0
81.94,997.0
81.95,958.0
81.96,986.0
81.97,1022.0
81.98,982.0
81.99,951.0
82.0,953.0
82.01,966.0
82.02,1003.0
82.03,1004.0
82.04,1019.0
82.05,984.0
82.06,963.0
82.07,950.0
82.08,955.0
82.09,963.0
82.1,989.0
82.11,945.0
82.12,952.0
82.13,963.0
82.14,978.0
82.15,999.0
82.16,996.0
82.17,985.0
82.18,1020.0
82.19,1017.0
82.2,995.0
82.21,984.0
82.22,993.0
82.23,993.0
82.24,983.0
82.25,967.0
82.26,956.0
82.27,958.0
82.28,966.0
82.29,997.0
82.3,1009.0
82.31,980.0
82.32,985.0
82.33,1007.0
82.34,974.0
82.35,992.0
82.36,992.0
82.37,1014.0
82.38,963.0
82.39,970.0
82.4,988.0
82.41,952.0
82.42,1005.0
82.43,998.0
82.44,967.0
82.45,966.0
82.46,964.0
82.47,1001.0
82.48,1027.0
82.49,1034.0
82.5,1023.0
82.51,1000.0
82.52,1010.0
82.53,1015.0
82.54,1005.0
82.55,994.0
82.56,969.0
82.57,999.0
82.58,983.0
82.59,1017.0
82.6,997.0
82.61,994.0
82.62,1010.0
82.63,996.0
82.64,1033.0
82.65,1015.0
82.66,1009.0
82.67,963.0
82.68,951.0
82.69,977.0
82.7,997.0
82.71,1011.0
82.72,1029.0
82.73,1012.0
82.74,1013.0
82.75,986.0
82.76,1005.0
82.77,1018.0
82.78,1009.0
82.79,1005.0
82.8,1027.0
82.81,1039.0
82.82,1062.0
82.83,1041.0
82.84,1004.0
82.85,1020.0
82.86,996.0
82.87,992.0
82.88,983.0
82.89,1013.0
82.9,1003.0
82.91,1036.0
82.92,1027.0
82.93,1009.0
82.94,989.0
82.95,983.0
82.96,999.0
82.97,1010.0
82.98,989.0
82.99,978.0
83.0,964.0
83.01,989.0
83.02,1045.0
83.03,1054.0
83.04,1018.0
83.05,996.0
83.06,1030.0
83.07,1039.0
83.08,1000.0
83.09,993.0
83.1,988.0
83.11,1014.0
83.12,1027.0
83.13,1000.0
83.14,1016.0
83.15,1008.0
83.16,994.0
83.17,995.0
83.18,1010.0
83.19,993.0
83.2,989.0
83.21,1008.0
83.22,1011.0
83.23,1042.0
83.24,1008.0
83.25,999.0
83.26,1002.0
83.27,976.0
83.28,1007.0
83.29,1018.0
83.3,1002.0
83.31,1019.0
83.32,1033.0
83.33,1015.0
83.34,1025.0
83.35,1057.0
83.36,1040.0
83.37,1040.0
83.38,1042.0
83.39,1051.0
83.4,1020.0
83.41,1056.0
83.42,1049.0
83.43,1048.0
83.44,1047.0
83.45,1062.0
83.46,1060.0
83.47,1089.0
83.48,1065.0
83.49,1060.0
83.5,1067.0
83.51,1067.0
83.52,1031.0
83.53,1032.0
83.54,1067.0
83.55,1090.0
83.56,1104.0
83.57,1136.0
83.58,1150.0
83.59,1141.0
83.6,1133.0
83.61,1155.0
83.62,1193.0
83.63,1206.0
83.64,1203.0
83.65,1199.0
83.66,1236.0
83.67,1259.0
83.68,1245.0
83.69,1251.0
83.7,1267.0
83.71,1239.0
83.72,1231.0
83.73,1252.0
83.74,1262.0
83.75,1265.0
83.76,1237.0
83.77,1251.0
83.78,1238.0
83.79,1222.0
83.8,1201.0
83.81,1182.0
83.82,1202.0
83.83,1174.0
83.84,1144.0
83.85,1204.0
83.86,1189.0
83.87,1165.0
83.88,1163.0
83.89,1145.0
83.9,1137.0
83.91,1180.0
83.92,1227.0
83.93,1168.0
83.94,1154.0
83.95,1206.0
83.96,1221.0
83.97,1199.0
83.98,1167.0
83.99,1163.0
84.0,1168.0
84.01,1170.0
84.02,1198.0
84.03,1208.0
84.04,1191.0
84.05,1145.0
84.06,1112.0
84.07,1106.0
84.08,1123.0
84.09,1120.0
84.1,1112.0
84.11,1100.0
84.12,1121.0
84.13,1124.0
84.14,1113.0
84.15,1121.0
84.16,1102.0
84.17,1086.0
84.18,1119.0
84.19,1138.0
84.2,1099.0
84.21,1073.0
84.22,1065.0
84.23,1037.0
84.24,1063.0
84.25,1084.0
84.26,1089.0
84.27,1111.0
84.28,1051.0
84.29,1047.0
84.3,1053.0
84.31,1075.0
84.32,1071.0
84.33,1030.0
84.34,1025.0
84.35,1038.0
84.36,1040.0
84.37,1016.0
84.38,1036.0
84.39,1066.0
84.4,1022.0
84.41,1002.0
84.42,973.0
84.43,970.0
84.44,1024.0
84.45,1063.0
84.46,1053.0
84.47,1016.0
84.48,1029.0
84.49,1047.0
84.5,1025.0
84.51,1026.0
84.52,1038.0
84.53,1017.0
84.54,1019.0
84.55,1025.0
84.56,1010.0
84.57,989.0
84.58,1024.0
84.59,1035.0
84.6,1012.0
84.61,1013.0
84.62,1007.0
84.63,1001.0
84.64,1002.0
84.65,996.0
84.66,993.0
84.67,1035.0
84.68,1047.0
84.69,995.0
84.7,962.0
84.71,984.0
84.72,1000.0
84.73,990.0
84.74,1020.0
84.75,1017.0
84.76,986.0
84.77,991.0
84.78,1019.0
84.79,1028.0
84.8,1014.0
84.81,992.0
84.82,984.0
84.83,987.0
84.84,978.0
84.85,1012.0
84.86,1023.0
84.87,971.0
84.88,984.0
84.89,989.0
84.9,1000.0
84.91,978.0
84.92,960.0
84.93,997.0
84.94,1003.0
84.95,997.0
84.96,995.0
84.97,995.0
84.98,1007.0
84.99,999.0
85.0,1013.0
85.01,969.0
85.02,948.0
85.03,947.0
85.04,962.0
85.05,959.0
85.06,986.0
85.07,1001.0
85.08,945.0
85.09,960.0
85.1,970.0
85.11,955.0
85.12,956.0
85.13,979.0
85.14,964.0
85.15,983.0
85.16,963.0
85.17,991.0
85.18,1007.0
85.19,995.0
85.2,968.0
85.21,948.0
85.22,952.0
85.23,968.0
85.24,986.0
85.25,988.0
85.26,992.0
85.27,994.0
85.28,988.0
85.29,1015.0
85.3,1037.0
85.31,1013.0
85.32,984.0
85.33,1008.0
85.34,1000.0
85.35,968.0
85.36,966.0
85.37,983.0
85.38,1012.0
85.39,981.0
85.4,947.0
85.41,935.0
85.42,981.0
85.43,1042.0
85.44,1022.0
85.45,980.0
85.46,991.0
85.47,1001.0
85.48,1001.0
85.49,991.0
85.5,981.0
85.51,992.0
85.52,979.0
85.53,975.0
85.54,969.0
85.55,984.0
85.56,974.0
85.57,1016.0
85.58,982.0
85.59,975.0
85.6,1006.0
85.61,1015.0
85.62,1034.0
85.63,1018.0
85.64,1005.0
85.65,1020.0
85.66,996.0
85.67,990.0
85.68,1000.0
85.69,1043.0
85.7,1047.0
85.71,1040.0
85.72,1027.0
85.73,1017.0
85.74,1002.0
85.75,982.0
85.76,983.0
85.77,972.0
85.78,963.0
85.79,984.0
85.8,1001.0
85.81,1023.0
85.82,1017.0
85.83,1003.0
85.84,1007.0
85.85,1016.0
85.86,1038.0
85.87,1007.0
85.88,1001.0
85.89,1021.0
85.9,1009.0
85.91,1001.0
85.92,1016.0
85.93,1023.0
85.94,998.0
85.95,990.0
85.96,986.0
85.97,1029.0
85.98,1036.0
85.99,1035.0
86.0,1009.0
86.01,1015.0
86.02,998.0
86.03,1046.0
86.04,1043.0
86.05,1053.0
86.06,1053.0
86.07,1026.0
86.08,1017.0
86.09,1040.0
86.1,1064.0
86.11,1051.0
86.12,1051.0
86.13,1067.0
86.14,1068.0
86.15,1048.0
86.16,1035.0
86.17,1031.0
86.18,1024.0
86.19,1051.0
86.2,1063.0
86.21,1088.0
86.22,1057.0
86.23,1077.0
86.24,1095.0
86.25,1075.0
86.26,1047.0
86.27,1040.0
86.28,1048.0
86.29,1023.0
86.3,1026.0
86.31,1043.0
86.32,1046.0
86.33,1032.0
86.34,1025.0
86.35,1029.0
86.36,1021.0
86.37,1048.0
86.38,1037.0
86.39,1034.0
86.4,1052.0
86.41,1051.0
86.42,1007.0
86.43,1001.0
86.44,1010.0
86.45,1053.0
86.46,1018.0
86.47,1014.0
86.48,1017.0
86.49,994.0
86.5,992.0
86.51,1023.0
86.52,1022.0
86.53,1006.0
86.54,1013.0
86.55,1016.0
86.56,1030.0
86.57,1026.0
86.58,997.0
86.59,1007.0
86.6,1022.0
86.61,997.0
86.62,1004.0
86.63,1017.0
86.64,997.0
86.65,989.0
86.66,992.0
86.67,1002.0
86.68,989.0
86.69,1025.0
86.7,1010.0
86.71,973.0
86.72,980.0
86.73,999.0
86.74,997.0
86.75,988.0
86.76,1006.0
86.77,1018.0
86.78,1044.0
86.79,1037.0
86.8,1019.0
86.81,1012.0
86.82,989.0
86.83,996.0
86.84,985.0
86.85,970.0
86.86,989.0
86.87,1013.0
86.88,1001.0
86.89,960.0
86.9,978.0
86.91,1004.0
86.92,1016.0
86.93,1025.0
86.94,1034.0
86.95,1003.0
86.96,1001.0
86.97,995.0
86.98,989.0
86.99,1006.0
87.0,979.0
87.01,983.0
87.02,998.0
87.03,958.0
87.04,955.0
87.05,962.0
87.06,984.0
87.07,1003.0
87.08,992.0
87.09,971.0
87.1,956.0
87.11,953.0
87.12,994.0
87.13,1025.0
87.14,1007.0
87.15,992.0
87.16,1019.0
87.17,1033.0
87.18,1033.0
87.19,1004.0
87.2,958.0
87.21,957.0
87.22,989.0
87.23,1006.0
87.24,1030.0
87.25,1035.0
87.26,1051.0
87.27,1045.0
87.28,1007.0
87.29,994.0
87.3,982.0
87.31,1000.0
87.32,1009.0
87.33,1009.0
87.34,1001.0
87.35,1012.0
87.36,1044.0
87.37,1033.0
87.38,1022.0
87.39,1037.0
87.4,1031.0
87.41,1039.0
87.42,1044.0
87.43,1044.0
87.44,1032.0
87.45,1055.0
87.46,1065.0
87.47,1066.0
87.48,1087.0
87.49,1060.0
87.5,1046.0
87.51,1052.0
87.52,1056.0
87.53,1052.0
87.54,1069.0
87.55,1072.0
87.56,1071.0
87.57,1052.0
87.58,1042.0
87.59,1057.0
87.6,1072.0
87.61,1052.0
87.62,1025.0
87.63,1037.0
87.64,1039.0
87.65,1040.0
87.66,1065.0
87.67,1065.0
87.68,1036.0
87.69,1038.0
87.7,1065.0
87.71,1066.0
87.72,1069.0
87.73,1053.0
87.74,1025.0
87.75,1027.0
87.76,1032.0
87.77,1024.0
87.78,1023.0
87.79,1010.0
87.8,1017.0
87.81,1035.0
87.82,1040.0
87.83,1056.0
87.84,1046.0
87.85,1045.0
87.86,1051.0
87.87,993.0
87.88,983.0
87.89,1009.0
87.9,1032.0
87.91,1046.0
87.92,1031.0
87.93,1026.0
87.94,1001.0
87.95,1015.0
87.96,1013.0
87.97,994.0
87.98,990.0
87.99,1009.0
88.0,1022.0
88.01,1007.0
88.02,1003.0
88.03,994.0
88.04,964.0
88.05,984.0
88.06,1012.0
88.07,993.0
88.08,993.0
88.09,1008.0
88.1,997.0
88.11,1008.0
88.12,985.0
88.13,1016.0
88.14,1023.0
88.15,1001.0
88.16,1020.0
88.17,1023.0
88.18,1020.0
88.19,1028.0
88.2,1003.0
88.21,1006.0
88.22,1017.0
88.23,1015.0
88.24,1017.0
88.25,1005.0
88.26,973.0
88.27,970.0
88.28,961.0
88.29,990.0
88.3,1007.0
88.31,1004.0
88.32,1009.0
88.33,986.0
88.34,998.0
88.35,967.0
88.36,985.0
88.37,985.0
88.38,976.0
88.39,981.0
88.4,971.0
88.41,948.0
88.42,952.0
88.43,979.0
88.44,979.0
88.45,966.0
88.46,972.0
88.47,968.0
88.48,997.0
88.49,1003.0
88.5,968.0
88.51,974.0
88.52,1002.0
88.53,1002.0
88.54,982.0
88.55,997.0
88.56,1017.0
88.57,991.0
88.58,993.0
88.59,1007.0
88.6,998.0
88.61,992.0
88.62,986.0
88.63,967.0
88.64,974.0
88.65,992.0
88.66,998.0
88.67,958.0
88.68,927.0
88.69,947.0
88.7,963.0
88.71,954.0
88.72,956.0
88.73,968.0
88.74,949.0
88.75,946.0
88.76,975.0
88.77,974.0
88.78,983.0
88.79,993.0
88.8,996.0
88.81,1015.0
88.82,996.0
88.83,964.0
88.84,949.0
88.85,964.0
88.86,969.0
88.87,977.0
88.88,980.0
88.89,984.0
88.9,959.0
88.91,950.0
88.92,972.0
88.93,952.0
88.94,942.0
88.95,957.0
88.96,967.0
88.97,968.0
88.98,957.0
88.99,949.0
89.0,958.0
89.01,954.0
89.02,946.0
89.03,964.0
89.04,983.0
89.05,983.0
89.06,991.0
89.07,1001.0
89.08,1007.0
89.09,998.0
89.1,969.0
89.11,946.0
89.12,980.0
89.13,1004.0
89.14,960.0
89.15,961.0
89.16,986.0
89.17,999.0
89.18,998.0
89.19,1011.0
89.2,1005.0
89.21,982.0
89.22,950.0
89.23,964.0
89.24,996.0
89.25,998.0
89.26,987.0
89.27,971.0
89.28,977.0
89.29,969.0
89.3,944.0
89.31,976.0
89.32,991.0
89.33,994.0
89.34,989.0
89.35,974.0
89.36,989.0
89.37,977.0
89.38,960.0
89.39,987.0
89.4,1003.0
89.41,994.0
89.42,982.0
89.43,983.0
89.44,980.0
89.45,983.0
89.46,969.0
89.47,967.0
89.48,973.0
89.49,975.0
89.5,969.0
89.51,965.0
89.52,945.0
89.53,936.0
89.54,955.0
89.55,977.0
89.56,996.0
89.57,1025.0
89.58,1030.0
89.59,1017.0
89.6,1012.0
89.61,1013.0
89.62,997.0
89.63,998.0
89.64,1012.0
89.65,1003.0
89.66,999.0
89.67,1013.0
89.68,1011.0
89.69,1002.0
89.7,1007.0
89.71,1022.0
89.72,1001.0
89.73,978.0
89.74,982.0
89.75,977.0
89.76,994.0
89.77,979.0
89.78,982.0
89.79,1006.0
89.8,1007.0
89.81,1005.0
89.82,1006.0
89.83,1014.0
89.84,1027.0
89.85,1033.0
89.86,1022.0
89.87,1009.0
89.88,1002.0
89.89,991.0
89.9,1007.0
89.91,1027.0
89.92,1043.0
89.93,1050.0
89.94,1060.0
89.95,1045.0
89.96,1017.0
89.97,995.0
89.98,992.0
89.99,1015.0
90.0,1019.0
90.01,1006.0
90.02,1004.0
90.03,1019.0
90.04,1011.0
90.05,1026.0
90.06,1044.0
90.07,1032.0
90.08,1007.0
90.09,997.0
90.1,1007.0
90.11,1001.0
90.12,999.0
90.13,1013.0
90.14,1014.0
90.15,1017.0
90.16,1009.0
90.17,1020.0
90.18,1005.0
90.19,983.0
90.2,1009.0
90.21,1022.0
90.22,1009.0
90.23,992.0
90.24,1015.0
90.25,1015.0
90.26,1001.0
90.27,1003.0
90.28,1009.0
90.29,1020.0
90.3,996.0
90.31,977.0
90.32,996.0
90.33,1027.0
90.34,1030.0
90.35,1012.0
90.36,998.0
90.37,976.0
90.38,959.0
90.39,993.0
90.4,1011.0
90.41,1013.0
90.42,1004.0
90.43,987.0
90.44,966.0
90.45,945.0
90.46,975.0
90.47,1005.0
90.48,1012.0
90.49,1012.0
90.5,986.0
90.51,978.0
90.52,990.0
90.53,975.0
90.54,968.0
90.55,982.0
90.56,987.0
90.57,974.0
90.58,990.0
90.59,1003.0
90.6,990.0
90.61,997.0
90.62,1006.0
90.63,1020.0
90.64,1037.0
90.65,1029.0
90.66,978.0
90.67,979.0
90.68,1005.0
90.69,999.0
90.7,1002.0
90.71,1001.0
90.72,991.0
90.73,1003.0
90.74,1011.0
90.75,982.0
90.76,960.0
90.77,973.0
90.78,988.0
90.79,980.0
90.8,974.0
90.81,993.0
90.82,1001.0
90.83,1002.0
90.84,1009.0
90.85,1001.0
90.86,999.0
90.87,1015.0
90.88,1034.0
90.89,1010.0
90.9,1001.0
90.91,1012.0
90.92,998.0
90.93,986.0
90.94,981.0
90.95,979.0
90.96,987.0
90.97,1016.0
90.98,1033.0
90.99,1010.0
91.0,990.0
91.01,1000.0
91.02,1028.0
91.03,1060.0
91.04,1048.0
91.05,1021.0
91.06,1028.0
91.07,1016.0
91.08,987.0
91.09,991.0
91.1,1039.0
91.11,1046.0
91.12,1028.0
91.13,1046.0
91.14,1071.0
91.15,1060.0
91.16,1047.0
91.17,1067.0
91.18,1051.0
91.19,1038.0
91.2,1053.0
91.21,1056.0
91.22,1049.0
91.23,1047.0
91.24,1041.0
91.25,1016.0
91.26,997.0
91.27,1018.0
91.28,1038.0
91.29,1034.0
91.3,1032.0
91.31,1018.0
91.32,1025.0
91.33,1034.0
91.34,1031.0
91.35,1040.0
91.36,1035.0
91.37,1028.0
91.38,1040.0
91.39,1063.0
91.4,1060.0
91.41,1047.0
91.42,1066.0
91.43,1066.0
91.44,1035.0
91.45,1061.0
91.46,1088.0
91.47,1076.0
91.48,1040.0
91.49,1030.0
91.5,1064.0
91.51,1068.0
91.52,1063.0
91.53,1051.0
91.54,1049.0
91.55,1074.0
91.56,1092.0
91.57,1063.0
91.58,1061.0
91.59,1116.0
91.6,1154.0
91.61,1172.0
91.62,1180.0
91.63,1186.0
91.64,1188.0
91.65,1185.0
91.66,1174.0
91.67,1182.0
91.68,1215.0
91.69,1239.0
91.7,1234.0
91.71,1213.0
91.72,1251.0
91.73,1303.0
91.74,1295.0
91.75,1258.0
91.76,1216.0
91.77,1189.0
91.78,1170.0
91.79,1167.0
91.8,1179.0
91.81,1181.0
91.82,1169.0
91.83,1151.0
91.84,1158.0
91.85,1196.0
91.86,1203.0
91.87,1178.0
91.88,1152.0
91.89,1132.0
91.9,1110.0
91.91,1106.0
91.92,1158.0
91.93,1164.0
91.94,1128.0
91.95,1146.0
91.96,1139.0
91.97,1115.0
91.98,1149.0
91.99,1170.0
92.0,1124.0
92.01,1105.0
92.02,1136.0
92.03,1165.0
92.04,1190.0
92.05,1187.0
92.06,1158.0
92.07,1138.0
92.08,1127.0
92.09,1122.0
92.1,1102.0
92.11,1097.0
92.12,1106.0
92.13,1111.0
92.14,1115.0
92.15,1091.0
92.16,1057.0
92.17,1058.0
92.18,1087.0
92.19,1076.0
92.2,1049.0
92.21,1077.0
92.22,1083.0
92.23,1024.0
92.24,1010.0
92.25,1044.0
92.26,1042.0
92.27,1036.0
92.28,1029.0
92.29,994.0
92.3,993.0
92.31,1024.0
92.32,1055.0
92.33,1062.0
92.34,1051.0
92.35,1035.0
92.36,1004.0
92.37,985.0
92.38,977.0
92.39,973.0
92.4,1006.0
92.41,1019.0
92.42,1008.0
92.43,1014.0
92.44,1013.0
92.45,1016.0
92.46,993.0
92.47,952.0
92.48,978.0
92.49,1006.0
92.5,976.0
92.51,976.0
92.52,1020.0
92.53,1022.0
92.54,1015.0
92.55,1002.0
92.56,984.0
92.57,1000.0
92.58,994.0
92.59,977.0
92.6,964.0
92.61,970.0
92.62,967.0
92.63,972.0
92.64,990.0
92.65,979.0
92.66,954.0
92.67,951.0
92.68,973.0
92.69,991.0
92.7,970.0
92.71,959.0
92.72,973.0
92.73,988.0
92.74,977.0
92.75,973.0
92.76,989.0
92.77,1001.0
92.78,988.0
92.79,960.0
92.8,955.0
92.81,955.0
92.82,966.0
92.83,984.0
92.84,991.0
92.85,981.0
92.86,967.0
92.87,954.0
92.88,969.0
92.89,971.0
92.9,974.0
92.91,987.0
92.92,1004.0
92.93,1001.0
92.94,983.0
92.95,970.0
92.96,976.0
92.97,979.0
92.98,992.0
92.99,996.0
93.0,988.0
93.01,978.0
93.02,987.0
93.03,982.0
93.04,950.0
93.05,958.0
93.06,979.0
93.07,970.0
93.08,961.0
93.09,980.0
93.1,995.0
93.11,973.0
93.12,955.0
93.13,937.0
93.14,920.0
93.15,937.0
93.16,952.0
93.17,948.0
93.18,972.0
93.19,1017.0
93.2,1020.0
93.21,991.0
93.22,978.0
93.23,973.0
93.24,954.0
93.25,959.0
93.26,970.0
93.27,975.0
93.28,981.0
93.29,987.0
93.3,983.0
93.31,958.0
93.32,944.0
93.33,940.0
93.34,951.0
93.35,958.0
93.36,974.0
93.37,974.0
93.38,952.0
93.39,943.0
93.4,985.0
93.41,1031.0
93.42,1013.0
93.43,932.0
93.44,925.0
93.45,964.0
93.46,965.0
93.47,960.0
93.48,982.0
93.49,973.0
93.5,943.0
93.51,950.0
93.52,950.0
93.53,929.0
93.54,936.0
93.55,935.0
93.56,943.0
93.57,957.0
93.58,959.0
93.59,947.0
93.6,944.0
93.61,958.0
93.62,968.0
93.63,997.0
93.64,986.0
93.65,953.0
93.66,966.0
93.67,963.0
93.68,936.0
93.69,936.0
93.7,941.0
93.71,944.0
93.72,962.0
93.73,960.0
93.74,964.0
93.75,969.0
93.76,981.0
93.77,988.0
93.78,965.0
93.79,943.0
93.8,931.0
93.81,944.0
93.82,981.0
93.83,989.0
93.84,987.0
93.85,968.0
93.86,956.0
93.87,986.0
93.88,984.0
93.89,944.0
93.9,940.0
93.91,973.0
93.92,974.0
93.93,956.0
93.94,961.0
93.95,981.0
93.96,1000.0
93.97,986.0
93.98,956.0
93.99,970.0
94.0,982.0
94.01,987.0
94.02,1000.0
94.03,997.0
94.04,984.0
94.05,966.0
94.06,979.0
94.07,963.0
94.08,970.0
94.09,986.0
94.1,978.0
94.11,988.0
94.12,979.0
94.13,990.0
94.14,1004.0
94.15,967.0
94.16,967.0
94.17,979.0
94.18,972.0
94.19,985.0
94.2,1015.0
94.21,1005.0
94.22,1002.0
94.23,985.0
94.24,953.0
94.25,966.0
94.26,994.0
94.27,973.0
94.28,977.0
94.29,995.0
94.3,993.0
94.31,989.0
94.32,976.0
94.33,969.0
94.34,980.0
94.35,983.0
94.36,963.0
94.37,966.0
94.38,987.0
94.39,1005.0
94.4,996.0
94.41,968.0
94.42,941.0
94.43,936.0
94.44,951.0
94.45,958.0
94.46,993.0
94.47,998.0
94.48,995.0
94.49,995.0
94.5,972.0
94.51,966.0
94.52,978.0
94.53,986.0
94.54,998.0
94.55,1008.0
94.56,1023.0
94.57,1026.0
94.58,1003.0
94.59,993.0
94.6,1004.0
94.61,991.0
94.62,989.0
94.63,997.0
94.64,989.0
94.65,972.0
94.66,967.0
94.67,954.0
94.68,960.0
94.69,963.0
94.7,987.0
94.71,1036.0
94.72,1011.0
94.73,1003.0
94.74,1028.0
94.75,1029.0
94.76,983.0
94.77,980.0
94.78,953.0
94.79,960.0
94.8,967.0
94.81,974.0
94.82,976.0
94.83,954.0
94.84,954.0
94.85,975.0
94.86,1001.0
94.87,966.0
94.88,986.0
94.89,971.0
94.9,951.0
94.91,968.0
94.92,995.0
94.93,1025.0
94.94,975.0
94.95,954.0
94.96,944.0
94.97,966.0
94.98,988.0
94.99,1003.0
95.0,971.0
95.01,955.0
95.02,977.0
95.03,987.0
95.04,976.0
95.05,965.0
95.06,941.0
95.07,961.0
95.08,957.0
95.09,933.0
95.1,947.0
95.11,945.0
95.12,970.0
95.13,965.0
95.14,986.0
95.15,1013.0
95.16,997.0
95.17,993.0
95.18,996.0
95.19,972.0
95.2,974.0
95.21,984.0
95.22,988.0
95.23,993.0
95.24,999.0
95.25,1023.0
95.26,997.0
95.27,977.0
95.28,972.0
95.29,959.0
95.3,977.0
95.31,1007.0
95.32,1000.0
95.33,975.0
95.34,948.0
95.35,931.0
95.36,962.0
95.37,988.0
95.38,986.0
95.39,964.0
95.4,981.0
95.41,1007.0
95.42,1028.0
95.43,1017.0
95.44,990.0
95.45,983.0
95.46,1010.0
95.47,1015.0
95.48,1000.0
95.49,978.0
95.5,982.0
95.51,968.0
95.52,948.0
95.53,971.0
95.54,972.0
95.55,1003.0
95.56,1006.0
95.57,1007.0
95.58,978.0
95.59,1000.0
95.6,999.0
95.61,1002.0
95.62,985.0
95.63,946.0
95.64,987.0
95.65,995.0
95.66,982.0
95.67,976.0
95.68,983.0
95.69,993.0
95.7,997.0
95.71,977.0
95.72,961.0
95.73,983.0
95.74,998.0
95.75,985.0
95.76,1029.0
95.77,1012.0
95.78,1013.0
95.79,1058.0
95.8,1043.0
95.81,1017.0
95.82,1015.0
95.83,999.0
95.84,1029.0
95.85,1017.0
95.86,977.0
95.87,961.0
95.88,984.0
95.89,993.0
95.9,1016.0
95.91,1013.0
95.92,987.0
95.93,996.0
95.94,1015.0
95.95,1044.0
95.96,1021.0
95.97,1005.0
95.98,1003.0
95.99,1027.0
96.0,1043.0
96.01,1022.0
96.02,1028.0
96.03,1027.0
96.04,1016.0
96.05,991.0
96.06,1018.0
96.07,1034.0
96.08,1006.0
96.09,1035.0
96.1,1051.0
96.11,1038.0
96.12,1023.0
96.13,1017.0
96.14,1011.0
96.15,988.0
96.16,1011.0
96.17,1004.0
96.18,1028.0
96.19,1030.0
96.2,1042.0
96.21,1025.0
96.22,1003.0
96.23,1027.0
96.24,1009.0
96.25,1010.0
96.26,1016.0
96.27,1024.0
96.28,1000.0
96.29,1019.0
96.3,1024.0
96.31,1051.0
96.32,1051.0
96.33,1038.0
96.34,1022.0
96.35,1059.0
96.36,1058.0
96.37,1027.0
96.38,1022.0
96.39,1040.0
96.4,1040.0
96.41,1033.0
96.42,1047.0
96.43,1084.0
96.44,1077.0
96.45,1018.0
96.46,1005.0
96.47,1020.0
96.48,1041.0
96.49,1050.0
96.5,1049.0
96.51,1050.0
96.52,1035.0
96.53,1038.0
96.54,1056.0
96.55,1060.0
96.56,1038.0
96.57,1021.0
96.58,1045.0
96.59,1082.0
96.6,1056.0
96.61,1013.0
96.62,1045.0
96.63,1066.0
96.64,1069.0
96.65,1059.0
96.66,1048.0
96.67,1056.0
96.68,1065.0
96.69,1107.0
96.7,1106.0
96.71,1083.0
96.72,1069.0
96.73,1075.0
96.74,1119.0
96.75,1097.0
96.76,1085.0
96.77,1109.0
96.78,1107.0
96.79,1052.0
96.8,1040.0
96.81,1048.0
96.82,1060.0
96.83,1050.0
96.84,1083.0
96.85,1078.0
96.86,1104.0
96.87,1082.0
96.88,1065.0
96.89,1069.0
96.9,1076.0
96.91,1073.0
96.92,1059.0
96.93,1059.0
96.94,1061.0
96.95,1046.0
96.96,1004.0
96.97,1028.0
96.98,1063.0
96.99,1042.0
97.0,1053.0
97.01,1051.0
97.02,1087.0
97.03,1095.0
97.04,1085.0
97.05,1039.0
97.06,1077.0
97.07,1057.0
97.08,1067.0
97.09,1053.0
97.1,1052.0
97.11,1060.0
97.12,1049.0
97.13,1061.0
97.14,1069.0
97.15,1037.0
97.16,999.0
97.17,1011.0
97.18,1022.0
97.19,1027.0
97.2,1023.0
97.21,1000.0
97.22,1014.0
97.23,1016.0
97.24,1010.0
97.25,978.0
97.26,982.0
97.27,1034.0
97.28,965.0
97.29,980.0
97.3,1001.0
97.31,1029.0
97.32,1032.0
97.33,985.0
97.34,1002.0
97.35,977.0
97.36,936.0
97.37,1006.0
97.38,1029.0
97.39,1010.0
97.4,1005.0
97.41,958.0
97.42,979.0
97.43,962.0
97.44,987.0
97.45,999.0
97.46,931.0
97.47,940.0
97.48,981.0
97.49,989.0
97.5,988.0
97.51,984.0
97.52,970.0
97.53,1001.0
97.54,981.0
97.55,976.0
97.56,1000.0
97.57,976.0
97.58,948.0
97.59,978.0
97.6,960.0
97.61,978.0
97.62,969.0
97.63,978.0
97.64,1007.0
97.65,1009.0
97.66,982.0
97.67,980.0
97.68,1026.0
97.69,1001.0
97.7,952.0
97.71,967.0
97.72,997.0
97.73,982.0
97.74,968.0
97.75,987.0
97.76,1021.0
97.77,1033.0
97.78,984.0
97.79,975.0
97.8,974.0
97.81,987.0
97.82,988.0
97.83,1003.0
97.84,968.0
97.85,968.0
97.86,972.0
97.87,957.0
97.88,979.0
97.89,992.0
97.9,969.0
97.91,985.0
97.92,971.0
97.93,976.0
97.94,955.0
97.95,977.0
97.96,969.0
97.97,956.0
97.98,985.0
97.99,957.0
98.0,917.0
98.01,932.0
98.02,952.0
98.03,977.0
98.04,975.0
98.05,955.0
98.06,943.0
98.07,957.0
98.08,948.0
98.09,970.0
98.1,974.0
98.11,923.0
98.12,953.0
98.13,977.0
98.14,1010.0
98.15,988.0
98.16,1004.0
98.17,969.0
98.18,957.0
98.19,955.0
98.2,971.0
98.21,994.0
98.22,984.0
98.23,989.0
98.24,969.0
98.25,969.0
98.26,975.0
98.27,961.0
98.28,961.0
98.29,1000.0
98.3,1032.0
98.31,1038.0
98.32,1001.0
98.33,994.0
98.34,950.0
98.35,1000.0
98.36,998.0
98.37,955.0
98.38,977.0
98.39,977.0
98.4,964.0
98.41,951.0
98.42,945.0
98.43,960.0
98.44,947.0
98.45,940.0
98.46,940.0
98.47,946.0
98.48,950.0
98.49,956.0
98.5,964.0
98.51,909.0
98.52,944.0
98.53,938.0
98.54,963.0
98.55,944.0
98.56,920.0
98.57,948.0
98.58,963.0
98.59,944.0
98.6,960.0
98.61,957.0
98.62,943.0
98.63,943.0
98.64,962.0
98.65,938.0
98.66,964.0
98.67,961.0
98.68,975.0
98.69,993.0
98.7,998.0
98.71,995.0
98.72,974.0
98.73,979.0
98.74,966.0
98.75,1005.0
98.76,980.0
98.77,993.0
98.78,953.0
98.79,940.0
98.8,955.0
98.81,987.0
98.82,1008.0
98.83,1001.0
98.84,989.0
98.85,976.0
98.86,953.0
98.87,954.0
98.88,970.0
98.89,984.0
98.9,984.0
98.91,976.0
98.92,965.0
98.93,950.0
98.94,933.0
98.95,947.0
98.96,996.0
98.97,995.0
98.98,976.0
98.99,952.0
99.0,985.0
99.01,996.0
99.02,971.0
99.03,997.0
99.04,996.0
99.05,996.0
99.06,992.0
99.07,965.0
99.08,944.0
99.09,962.0
99.1,981.0
99.11,974.0
99.12,992.0
99.13,952.0
99.14,960.0
99.15,970.0
99.16,988.0
99.17,994.0
99.18,958.0
99.19,950.0
99.2,943.0
99.21,956.0
99.22,948.0
99.23,930.0
99.24,937.0
99.25,934.0
99.26,989.0
99.27,1005.0
99.28,994.0
99.29,977.0
99.3,981.0
99.31,1019.0
99.32,981.0
99.33,964.0
99.34,1046.0
99.35,1014.0
99.36,996.0
99.37,986.0
99.38,984.0
99.39,967.0
99.4,966.0
99.41,954.0
99.42,995.0
99.43,994.0
99.44,995.0
99.45,966.0
99.46,942.0
99.47,966.0
99.48,983.0
99.49,1002.0
99.5,1017.0
99.51,1003.0
99.52,950.0
99.53,945.0
99.54,992.0
99.55,964.0
99.56,1007.0
99.57,1016.0
99.58,997.0
99.59,953.0
99.6,982.0
99.61,992.0
99.62,1015.0
99.63,981.0
99.64,960.0
99.65,954.0
99.66,947.0
99.67,1005.0
99.68,1034.0
99.69,1016.0
99.7,962.0
99.71,969.0
99.72,970.0
99.73,1005.0
99.74,1004.0
99.75,1019.0
99.76,1007.0
99.77,979.0
99.78,997.0
99.79,976.0
99.8,938.0
99.81,1004.0
99.82,981.0
99.83,979.0
99.84,995.0
99.85,976.0
99.86,965.0
99.87,989.0
99.88,987.0
99.89,964.0
99.9,995.0
99.91,994.0
99.92,946.0
99.93,953.0
99.94,967.0
99.95,954.0
99.96,980.0
99.97,1011.0
99.98,1022.0
99.99,1000.0
100.0,995.0
